0000000000000000000000000000000000000000
0000000000000000000000000000000000000000
0000000000000000000000000000000000000000
0000000000000000000000000000000000000000
0000000000000000000000000000000000000000
0000000000000000000000000000000000000000
0000000000000000001111110000000000000000
0000000000000000011111111000000000000000
0000000000000000011111111100000000000000
0000000000000000111111111110000000000000
0000000000000001111000111110000000000000
0000000000000011100000011110000000000000
0000000000000111100000011110000000000000
0000000000000111100000011111000000000000
0000000000000111000000011111100000000000
0000000000001111000000011111110000000000
0000000000001110000000000011110000000000
0000000000011110000000000001110000000000
0000000000011110000000000001111000000000
0000000000001110000000000000111000000000
0000000000011110000000000000111000000000
0000000000011100000000000000111000000000
0000000000011100000000000000111100000000
0000000000011100000000000000111000000000
0000000000011110000000000000111000000000
0000000000011110000000000000111000000000
0000000000011110000000000000111000000000
0000000000011110000000000001111000000000
0000000000001111000000000011110000000000
0000000000000111100000000011110000000000
0000000000000111110000011111100000000000
0000000000000011111111111111000000000000
0000000000000001111111111110000000000000
0000000000000000111111111000000000000000
0000000000000000000000000000000000000000
0000000000000000000000000000000000000000
0000000000000000000000000000000000000000
0000000000000000000000000000000000000000
0000000000000000000000000000000000000000
0000000000000000000000000000000000000000
