0000000000000000000000000000000000000000
0000000000000000000000000000000000000000
0000000000000000000000000000000000000000
0000000000000000000000000000000000000000
0000000000000000000000000000000000000000
0000000000000000000000000000000000000000
0000000000000000000000000000000000000000
0000000000000000000000000011000000000000
0000000000000000000000011111100000000000
0000000000000000000111111111110000000000
0000000000000000001111111011111000000000
0000000000000000011111110001111100000000
0000000000000000011111000000111100000000
0000000000000000111110000000111100000000
0000000000000000111100000000011100000000
0000000000000001111000000000111100000000
0000000000000011111000000000111000000000
0000000000000011111000000000011100000000
0000000000000011110000000000111100000000
0000000000000111100000000000111000000000
0000000000000111100000000001111000000000
0000000000001111100000000001110000000000
0000000000001111100000000011110000000000
0000000000001111000000000011100000000000
0000000000011111000000000111000000000000
0000000000011111000000001111000000000000
0000000000011110000000011110000000000000
0000000000011110000000111100000000000000
0000000000011100000001111100000000000000
0000000000011100000011111000000000000000
0000000000011110001111110000000000000000
0000000000011111111111100000000000000000
0000000000001111111111000000000000000000
0000000000001111111100000000000000000000
0000000000000111111000000000000000000000
0000000000000011100000000000000000000000
0000000000000000000000000000000000000000
0000000000000000000000000000000000000000
0000000000000000000000000000000000000000
0000000000000000000000000000000000000000
