0000000000000000000000000000000000000000
0000000000000000000000000000000000000000
0000000000000000000000000000000000000000
0000000000000000000000000000000000000000
0000000000000000000000000000000000000000
0000000000000000000000000000000000000000
0000000000000000000000111111100000000000
0000000000000000000001111111110000000000
0000000000000000000011111111111000000000
0000000000000000000011111111111100000000
0000000000000000000111111111111100000000
0000000000000000001111111111111100000000
0000000000000000011111110001111100000000
0000000000000000011111100001111100000000
0000000000000000111111000001111100000000
0000000000000000111110000001111000000000
0000000000000001111100000001111000000000
0000000000000011111100000001111000000000
0000000000000011111000000001110000000000
0000000000000111111000000001110000000000
0000000000000111110000000011110000000000
0000000000001111110000000011110000000000
0000000000011111100000000111110000000000
0000000000011111000000001111100000000000
0000000000011111000000011111100000000000
0000000000011111000000111111000000000000
0000000000011110000001111111000000000000
0000000000111110000011111110000000000000
0000000000111111001111111000000000000000
0000000000111111011111110000000000000000
0000000000111111111111100000000000000000
0000000000011111111111000000000000000000
0000000000011111111100000000000000000000
0000000000000111111000000000000000000000
0000000000000000000000000000000000000000
0000000000000000000000000000000000000000
0000000000000000000000000000000000000000
0000000000000000000000000000000000000000
0000000000000000000000000000000000000000
0000000000000000000000000000000000000000
