0000000000000000000000000000000000000000
0000000000000000000000000000000000000000
0000000000000000000000000000000000000000
0000000000000000000000000000000000000000
0000000000000000000000000000000000000000
0000000000000000000000000000000000000000
0000000000000000000000000000000000000000
0000000000000000000000000000000000000000
0000000000000000000000000000001110000000
0000000000000000000000000000111111000000
0000000000000000000000000011111111000000
0000000000000000000000001111111111000000
0000000000000000000000011111110111000000
0000000000000000000001111111000011000000
0000000000000000000111111100000011000000
0000000000000000001111111000000111000000
0000000000000000011111100000000111000000
0000000000000000111110000000001110000000
0000000000000011111100000000001110000000
0000000000000111111000000000001110000000
0000000000001111100000000000011100000000
0000000000011111000000000000111100000000
0000000000011110000000000001111000000000
0000000000111100000000000111110000000000
0000000011111000000000001111100000000000
0000000111110000000000011110000000000000
0000000111000000000011111100000000000000
0000001111000000111111110000000000000000
0000001111111111111111100000000000000000
0000001111111111111100000000000000000000
0000000111111111110000000000000000000000
0000000011111000000000000000000000000000
0000000000000000000000000000000000000000
0000000000000000000000000000000000000000
0000000000000000000000000000000000000000
0000000000000000000000000000000000000000
0000000000000000000000000000000000000000
0000000000000000000000000000000000000000
0000000000000000000000000000000000000000
0000000000000000000000000000000000000000
