0000000000000000000000000000000000000000
0000000000000000000000000000000000000000
0000000000000000000000000000000000000000
0000000000000000000000000000000000000000
0000000000000000000000000000000000000000
0000000000000000000000000000000000000000
0000000000000000000000000000000000000000
0000000000000000001100000000000000000000
0000000000000000011110011110000000000000
0000000000000000111111111111100000000000
0000000000000000111111111111100000000000
0000000000000000111111100011110000000000
0000000000000001111111000001110000000000
0000000000000001111110000000110000000000
0000000000000011101110000000111000000000
0000000000000011100110000000111000000000
0000000000000111100000000000111000000000
0000000000000111000000000000011000000000
0000000000000111000000000000011000000000
0000000000001110000000000000011000000000
0000000000001110000000000000011100000000
0000000000001110000000000000001100000000
0000000000001110000000000000001100000000
0000000000011100000000000000001100000000
0000000000011100000000000000001100000000
0000000000011100000000000000001100000000
0000000000011100000000000000011100000000
0000000000011100000000000000011100000000
0000000000011100000000000000111000000000
0000000000011100000000000001110000000000
0000000000011110000000000011100000000000
0000000000001111000000011111100000000000
0000000000001111110001111111000000000000
0000000000000111111111111100000000000000
0000000000000001111111100000000000000000
0000000000000000001111000000000000000000
0000000000000000000000000000000000000000
0000000000000000000000000000000000000000
0000000000000000000000000000000000000000
0000000000000000000000000000000000000000
