0000000000000000000000000000000000000000
0000000000000000000000000000000000000000
0000000000000000000000000000000000000000
0000000000000000000000000000000000000000
0000000000000000000000000000000000000000
0000000000000000000000000000000000000000
0000000000000000000000000000000000000000
0000000000000000000011111000000000000000
0000000000000000011111111100000000000000
0000000000000000111111111111000000000000
0000000000000001111100000111000000000000
0000000000000011111100000011100000000000
0000000000000011111100000011110000000000
0000000000000111111100000011110000000000
0000000000000111111000000001110000000000
0000000000000111110000000001110000000000
0000000000000111100000000001110000000000
0000000000001111100000000001110000000000
0000000000001111100000000001110000000000
0000000000001111100000000001110000000000
0000000000001111000000000001100000000000
0000000000001111000000000011100000000000
0000000000001111000000000011100000000000
0000000000001111000000000011100000000000
0000000000001111000000000011100000000000
0000000000001111000000000011000000000000
0000000000001111000000000111000000000000
0000000000001111000000001110000000000000
0000000000000111000000011110000000000000
0000000000000111100000111100000000000000
0000000000000111100000111000000000000000
0000000000000011110011110000000000000000
0000000000000011111111100000000000000000
0000000000000001111111000000000000000000
0000000000000000111110000000000000000000
0000000000000000011000000000000000000000
0000000000000000000000000000000000000000
0000000000000000000000000000000000000000
0000000000000000000000000000000000000000
0000000000000000000000000000000000000000
