0000000000000000000000000000000000000000
0000000000000000000000000000000000000000
0000000000000000000000000000000000000000
0000000000000000000000000000000000000000
0000000000000000000000000001110000000000
0000000000000000000000000011110000000000
0000000000000000000000001111110000000000
0000000000000000000000011100010000000000
0000000000000000000000011100010000000000
0000000000000000000000011100000000000000
0000000000000000000001111000000000000000
0000000000000000000001110000000000000000
0000000000000000000011100000010000000000
0000000000000000000111100000110000000000
0000000000000000001110000000110000000000
0000000000000000011100000001100000000000
0000000000000000111000000001100000000000
0000000000000001111000000001100000000000
0000000000000001110000000001100000000000
0000000000000011100000000011100000000000
0000000000000111100000000011100000000000
0000000000001111000000000111000000000000
0000000000011110000000001111000000000000
0000000000011100000000001110000000000000
0000000000111000000000111000000000000000
0000000000111000000001111000000000000000
0000000001110000000001111110000000000000
0000000001111000000011101111000000000000
0000000001110000000111000111100000000000
0000000001110000111110000111100000000000
0000000000111111111100000011100000000000
0000000000111111111000000001000000000000
0000000000011111100000000000000000000000
0000000000000000000000000000000000000000
0000000000000000000000000000000000000000
0000000000000000000000000000000000000000
0000000000000000000000000000000000000000
0000000000000000000000000000000000000000
0000000000000000000000000000000000000000
0000000000000000000000000000000000000000
