0000000000000000000000000000000000000000
0000000000000000000000000000000000000000
0000000000000000000000000000000000000000
0000000000000000000000000000000000000000
0000000000000000000000000000000000000000
0000000000000000000000000000000000000000
0000000000000000000000000011100000000000
0000000000000000000000000111100000000000
0000000000000000000000000111100000000000
0000000000000000000000000111100000000000
0000000000000000000111100011100000000000
0000000000000000111111110011100000000000
0000000000000011111111110001110000000000
0000000000000111111100010001110000000000
0000000000001111110000000001110000000000
0000000000011111100000000001111000000000
0000000000111111000000000001111000000000
0000000000111100000000000001111000000000
0000000001111100000000000000111000000000
0000000001111000000000000000111100000000
0000000001111000000000000000111100000000
0000000001111000000000000000111100000000
0000000011111000000000000000111000000000
0000000011111000000000000000111000000000
0000000011110000000000000001111000000000
0000000011111000000000000001111000000000
0000000001111000000000000011111000000000
0000000001111000000000000011110000000000
0000000001111100000000000111100000000000
0000000000111110000000001111000000000000
0000000000011111100000011110000000000000
0000000000001111111111111100000000000000
0000000000000011111111111000000000000000
0000000000000000111111000000000000000000
0000000000000000000000000000000000000000
0000000000000000000000000000000000000000
0000000000000000000000000000000000000000
0000000000000000000000000000000000000000
0000000000000000000000000000000000000000
0000000000000000000000000000000000000000
