0000000000000000000000000000000000000000
0000000000000000000000000000000000000000
0000000000000000000000000000000000000000
0000000000000000000000000000000000000000
0000000000000000000000000000000000000000
0000000000000000000000000000000000000000
0000000000000000000000000000000000000000
0000000000000000000000000000000000000000
0000000000000000000000000111110000000000
0000000000000000000000001111111000000000
0000000000000000000001111111111000000000
0000000000000000000001111111111110000000
0000000000000000000011111111111111000000
0000000000000000001111111111111111000000
0000000000000000111111111100111111000000
0000000000000000111111111000011111000000
0000000000000001111110000000011111000000
0000000000000011111100000000011111000000
0000000000000111111000000000011111000000
0000000000001111100000000000011110000000
0000000000001111100000000000011110000000
0000000000011111100000000000111110000000
0000000000111111000000000001111100000000
0000000011111000000000000011111000000000
0000000111111000000000000111111000000000
0000000111110000000000011111110000000000
0000000111100000000000011111100000000000
0000001111100000000011111110000000000000
0000001111100000000111111100000000000000
0000001111100000111111110000000000000000
0000001111111111111111000000000000000000
0000001111111111111110000000000000000000
0000000111111111111000000000000000000000
0000000011111110000000000000000000000000
0000000000000000000000000000000000000000
0000000000000000000000000000000000000000
0000000000000000000000000000000000000000
0000000000000000000000000000000000000000
0000000000000000000000000000000000000000
0000000000000000000000000000000000000000
