0000000000000000000000000000000000000000
0000000000000000000000000000000000000000
0000000000000000000000000000000000000000
0000000000000000000000000000000000000000
0000000000000000111000000000000000000000
0000000000000000111100000000000000000000
0000000000000001111111000000000000000000
0000000000000011111111100000000000000000
0000000000000011100111110000000000000000
0000000000000111000011110000000000000000
0000000000000110000001111000000000000000
0000000000000110000000111100000000000000
0000000000001110000000011110000000000000
0000000000001110000000011110000000000000
0000000000011100000000011110000000000000
0000000000011100000000001111000000000000
0000000000011100000000000111100000000000
0000000000111100000000000111100000000000
0000000000111100000000000011110000000000
0000000000111100000000000011110000000000
0000000000111100000000000001111000000000
0000000000111100000000000001111000000000
0000000000111100000000000001111000000000
0000000000111100000000000000111100000000
0000000000111100000000000000111100000000
0000000000111100000000000000111110000000
0000000000111100000000000000111110000000
0000000000011110000000000000111100000000
0000000000011111100000000011111100000000
0000000000001111111100001111111100000000
0000000000000111111111111111111000000000
0000000000000001111111111111100000000000
0000000000000000011111111110000000000000
0000000000000000000000000000000000000000
0000000000000000000000000000000000000000
0000000000000000000000000000000000000000
0000000000000000000000000000000000000000
0000000000000000000000000000000000000000
0000000000000000000000000000000000000000
0000000000000000000000000000000000000000
