0000000000000000000000000000000000000000
0000000000000000000000000000000000000000
0000000000000000000000000000000000000000
0000000000000000000000000000000000000000
0000000000000000000000000000000000000000
0000000000000000000000000000000000000000
0000000000000000000000000000000000000000
0000000000000000001110000000000000000000
0000000000000000011111000000000000000000
0000000000000000111111110000000000000000
0000000000000001111111111100000000000000
0000000000000011111111111110000000000000
0000000000000111111111111111000000000000
0000000000000111011100001111100000000000
0000000000001110011100000111110000000000
0000000000001110001100000011110000000000
0000000000001100000100000001111000000000
0000000000011100000000000000111000000000
0000000000011100000000000000111100000000
0000000000011100000000000000111100000000
0000000000011100000000000000011100000000
0000000000111100000000000000011100000000
0000000000111100000000000000011100000000
0000000000111100000000000000011110000000
0000000000111100000000000000011100000000
0000000000011100000000000000111100000000
0000000000011100000000000000111100000000
0000000000011110000000000001111000000000
0000000000001110000000000001111000000000
0000000000001111000000000011110000000000
0000000000001111000000000111100000000000
0000000000000111100000011111100000000000
0000000000000011111001111111000000000000
0000000000000011111111111110000000000000
0000000000000000111111110000000000000000
0000000000000000000011000000000000000000
0000000000000000000000000000000000000000
0000000000000000000000000000000000000000
0000000000000000000000000000000000000000
0000000000000000000000000000000000000000
