0000000000000000000000000000000000000000
0000000000000000000000000000000000000000
0000000000000000000000000000000000000000
0000000000000000000000000000000000000000
0000000000000000000000000000000000000000
0000000000000000000000000000000000000000
0000000000000000000001000000000000000000
0000000000000000000111111000000000000000
0000000000000000000111111100000000000000
0000000000000000001111111110000000000000
0000000000000000011111111111000000000000
0000000000000000011111011111000000000000
0000000000000000111110001111100000000000
0000000000000000111100000011100000000000
0000000000000000111100000011110000000000
0000000000000000111000000001110000000000
0000000000000001110000000001100000000000
0000000000000001110000000011100000000000
0000000000000011110000000011100000000000
0000000000000011100000000011100000000000
0000000000000111100000000011100000000000
0000000000000111000000000111100000000000
0000000000001111000000000111100000000000
0000000000001110000000001111000000000000
0000000000001110000000011110000000000000
0000000000011110000000111100000000000000
0000000000011110000001111100000000000000
0000000000011100011111110000000000000000
0000000000011100111111100000000000000000
0000000000011111111111100000000000000000
0000000000011111111111000000000000000000
0000000000011111111000000000000000000000
0000000000011111100000000000000000000000
0000000000011111000000000000000000000000
0000000000000000000000000000000000000000
0000000000000000000000000000000000000000
0000000000000000000000000000000000000000
0000000000000000000000000000000000000000
0000000000000000000000000000000000000000
0000000000000000000000000000000000000000
