0000000000000000000000000000000000000000
0000000000000000000000000000000000000000
0000000000000000000000000000000000000000
0000000000000000000000000000000000000000
0000000000000000000000000000000000000000
0000000000000000000000000000000000000000
0000000000000000011100000000000000000000
0000000000000000111110000000000000000000
0000000000000000111110000000000000000000
0000000000000000111110000000000000000000
0000000000000000011110000000000000000000
0000000000000000011110000000000000000000
0000000000000000011110000000000000000000
0000000000000000011111000000000000000000
0000000000000000011111100000000000000000
0000000000000000011111100000000000000000
0000000000000000011111100000000000000000
0000000000000000011111000000000000000000
0000000000000000011111000000000000000000
0000000000000000011111000000000000000000
0000000000000000001111100000000000000000
0000000000000000001111100000000000000000
0000000000000000001111100000000000000000
0000000000000000001111100000000000000000
0000000000000000001111100000000000000000
0000000000000000000111100000000000000000
0000000000000000000111100000000000000000
0000000000000000000111110010000000000000
0000000000000000000111111110000000000000
0000000000000000000011111110000000000000
0000000000000000000011111100000000000000
0000000000000000000011111100000000000000
0000000000000000000011111000000000000000
0000000000000000000000110000000000000000
0000000000000000000000000000000000000000
0000000000000000000000000000000000000000
0000000000000000000000000000000000000000
0000000000000000000000000000000000000000
0000000000000000000000000000000000000000
0000000000000000000000000000000000000000
