0000000000000000000000000000000000000000
0000000000000000000000000000000000000000
0000000000000000000000000000000000000000
0000000000000000000001110000000000000000
0000000000000000000011111000000000000000
0000000000000000000011111100000000000000
0000000000000000000111111100000000000000
0000000000000000000011111110000000000000
0000000000000000000000011110000000000000
0000000000000000000000011110000000000000
0000000000000000000000011110000000000000
0000000000000000000000011110000000000000
0000000000000000000000011110000000000000
0000000000000000000000011110000000000000
0000000000000000000000011110000000000000
0000000000000000000000111110000000000000
0000000000000000111111111100000000000000
0000000000000011111111111100000000000000
0000000000000111111111111100000000000000
0000000000001111111111111110000000000000
0000000000011111111111111111000000000000
0000000000011111101111111111100000000000
0000000000111111001111111111110000000000
0000000001111110011111101111111000000000
0000000001111100111111000111111000000000
0000000001111001111110000011111100000000
0000000001111011111100000000111111000000
0000000001111111111000000000001111000000
0000000001111111110000000000000010000000
0000000001111111100000000000000000000000
0000000000111111000000000000000000000000
0000000000000000000000000000000000000000
0000000000000000000000000000000000000000
0000000000000000000000000000000000000000
0000000000000000000000000000000000000000
0000000000000000000000000000000000000000
0000000000000000000000000000000000000000
0000000000000000000000000000000000000000
0000000000000000000000000000000000000000
0000000000000000000000000000000000000000
