0000000000000000000000000000000000000000
0000000000000000000000000000000000000000
0000000000000000000000000000000000000000
0000000000000000000000000000000000000000
0000000000000000000000111100000000000000
0000000000000000000011111110000000000000
0000000000000000001111111111000000000000
0000000000000000011111111111000000000000
0000000000000000111111100111100000000000
0000000000000000111110000011100000000000
0000000000000000111100000011100000000000
0000000000000000011000000011110000000000
0000000000000000000000000011110000000000
0000000000000000000000000011110000000000
0000000000000000000000000011100000000000
0000000000000000000000000011100000000000
0000000000000000000000000111100000000000
0000000000000000000000001111100000000000
0000000000000000000000001111100000000000
0000000000000000000000001111000000000000
0000000000000000000000011111000000000000
0000000000000111111000111110000000000000
0000000000001111111111111110000000000000
0000000000011111111111111100000000000000
0000000000111111011111111100000000000000
0000000000111100001111111100000000000000
0000000000111000011111111111000000000000
0000000000111000111111111110000000000000
0000000000111111111111111100000000000000
0000000000111111111110000000000000000000
0000000000111111111100000000000000000000
0000000000011111110000000000000000000000
0000000000001111100000000000000000000000
0000000000000000000000000000000000000000
0000000000000000000000000000000000000000
0000000000000000000000000000000000000000
0000000000000000000000000000000000000000
0000000000000000000000000000000000000000
0000000000000000000000000000000000000000
0000000000000000000000000000000000000000
