0000000000000000000000000000000000000000
0000000000000000000000000000000000000000
0000000000000000000000000000000000000000
0000000000000000000000000000000000000000
0000000000000000000000011000000000000000
0000000000000000000000111100000000000000
0000000000000000000000111100000000000000
0000000000000000000001111110000000000000
0000000000000000000011111110000000000000
0000000000000000001111100111000000000000
0000000000000000011111000111000000000000
0000000000000000011110000111000000000000
0000000000000000011100000111000000000000
0000000000000000000000000110000000000000
0000000000000000000000000110000000000000
0000000000000000000000001110000000000000
0000000000000000000000001100000000000000
0000000000000000000000011100000000000000
0000000000000000000000011100000000000000
0000000000000000000000111000000000000000
0000000000000000000000111000000000000000
0000000000000000000001110000000000000000
0000000000000000000011110000000000000000
0000000000000000111111100000000000000000
0000000000000111111111100000000000000000
0000000000011011001111110000000000000000
0000000000111000001111110000000000000000
0000000001110000011100111000000000000000
0000000001100000111100011000000000000000
0000000001100001111000011100000000000000
0000000001111111100000011100000000000000
0000000000111111000000011100000000000000
0000000000011110000000000000000000000000
0000000000000000000000000000000000000000
0000000000000000000000000000000000000000
0000000000000000000000000000000000000000
0000000000000000000000000000000000000000
0000000000000000000000000000000000000000
0000000000000000000000000000000000000000
0000000000000000000000000000000000000000
