0000000000000000000000000000000000000000
0000000000000000000000000000000000000000
0000000000000000000000000000000000000000
0000000000000000000000000000000000000000
0000000000000000000000000000000000000000
0000000000000000000000000000000000000000
0000000000000000000000011111000000000000
0000000000000000000001111111110000000000
0000000000000000000111111111110000000000
0000000000000000011111111111111000000000
0000000000000000111111111111111000000000
0000000000000001111111100011111000000000
0000000000000011111111000001111000000000
0000000000000111111111000001111000000000
0000000000000111111110000001111000000000
0000000000000111111100000001111000000000
0000000000001111111000000011110000000000
0000000000000011100000000011110000000000
0000000000000000000000000111110000000000
0000000000000000000000000111100000000000
0000000000000000000000001111000000000000
0000000000000000000000011110000000000000
0000000000000000000000111110000000000000
0000000000000000011111111110000000000000
0000000000001111111111111111100000000000
0000000000011111111111111111111100000000
0000000001111111111111111111111110000000
0000000011111111111111111111111100000000
0000000111111111111111111111111000000000
0000000111111111111100000000000000000000
0000000111111111110000000000000000000000
0000000111111111100000000000000000000000
0000000111111110000000000000000000000000
0000000011111000000000000000000000000000
0000000000000000000000000000000000000000
0000000000000000000000000000000000000000
0000000000000000000000000000000000000000
0000000000000000000000000000000000000000
0000000000000000000000000000000000000000
0000000000000000000000000000000000000000
