0000000000000000000000000000000000000000
0000000000000000000000000000000000000000
0000000000000000000000000000000000000000
0000000000000000000000000000000000000000
0000000000000011100000000000000000000000
0000000000001111111100000000000000000000
0000000001111111111111000000000000000000
0000000001111111111111110000000000000000
0000000001111111111111111000000000000000
0000000001111000000011111100000000000000
0000000000000000000000111111000000000000
0000000000000000000000011111000000000000
0000000000000000000000001111100000000000
0000000000000000000000000111100000000000
0000000000000000000000000111110000000000
0000000000000000000000000011110000000000
0000000000000000000000000011111000000000
0000000000000000000000000011110000000000
0000000000000000000000000011111000000000
0000000000000000000000000011111000000000
0000000000000000000000000011110000000000
0000000000000000000000000111110000000000
0000000000000000000000001111110000000000
0000000000111110000000001111110000000000
0000000001111111111000001111100000000000
0000000011111111111100011111100000000000
0000000111111111111111111111000111000000
0000000111111111111111111111111111000000
0000000011110000001111111111111111000000
0000000001110000001111111111111111000000
0000000000111111111111111111111100000000
0000000000011011111111110010000000000000
0000000000000001111111000000000000000000
0000000000000000000000000000000000000000
0000000000000000000000000000000000000000
0000000000000000000000000000000000000000
0000000000000000000000000000000000000000
0000000000000000000000000000000000000000
0000000000000000000000000000000000000000
0000000000000000000000000000000000000000
