0000000000000000000000000000000000000000
0000000000000000000000000000000000000000
0000000000000000000000000000000000000000
0000000000000000000000000000000000000000
0000000000000000000000000000000000000000
0000000000000000000000000000000000000000
0000000000000000000111100000000000000000
0000000000000000011111111000000000000000
0000000000000000111111111100000000000000
0000000000000000111111111110000000000000
0000000000000001111111111111000000000000
0000000000000001111110011111100000000000
0000000000000001111100000111100000000000
0000000000000001111000000011100000000000
0000000000000001110000000011110000000000
0000000000000001110000000011110000000000
0000000000000001100000000011110000000000
0000000000000000000000000111100000000000
0000000000000000000000001111100000000000
0000000000000000000000001111100000000000
0000000001100000000000011111000000000000
0000000011111111100000111110000000000000
0000000011111111111001111110000000000000
0000000011111111111111111100000000000000
0000000011111111111111111000000000000000
0000000011111111111111110000000000000000
0000000001111111111111110000000000000000
0000000001111111111111111100000000000000
0000000000111111111101111110000000000000
0000000000011111110000111111110000000000
0000000000000110000000001111111000000000
0000000000000000000000000111111100000000
0000000000000000000000000011111100000000
0000000000000000000000000000011000000000
0000000000000000000000000000000000000000
0000000000000000000000000000000000000000
0000000000000000000000000000000000000000
0000000000000000000000000000000000000000
0000000000000000000000000000000000000000
0000000000000000000000000000000000000000
