0000000000000000000000000000000000000000
0000000000000000000000000000000000000000
0000000000000000000000000000000000000000
0000000000000000000000000000000000000000
0000000000000000000001111000000000000000
0000000000000000001111111100000000000000
0000000000000000111111111110000000000000
0000000000000111111110011111000000000000
0000000000001111111000001111100000000000
0000000000011111000000000111100000000000
0000000000011000000000000111100000000000
0000000000000000000000000111100000000000
0000000000000000000000000111100000000000
0000000000000000000000000111100000000000
0000000000000000000000001111100000000000
0000000000000000000000001111000000000000
0000000000000000000000001111000000000000
0000000000000000000000011110000000000000
0000000000000000000000011110000000000000
0000000000000000000000111110000000000000
0000000000000000000000111100000000000000
0000000000000000000001111000000000000000
0000000000000000000011110000000000000000
0000000000111111111111110000000000000000
0000000001111111111111100000000000000000
0000000011111111111111100000000000000000
0000000111111001111111110000000000000000
0000000111111111111111111100000000000000
0000000111111111110001111110000000000000
0000000111111111000000111111111000000000
0000000001100000000000011111111100000000
0000000000000000000000000111111100000000
0000000000000000000000000011111000000000
0000000000000000000000000000000000000000
0000000000000000000000000000000000000000
0000000000000000000000000000000000000000
0000000000000000000000000000000000000000
0000000000000000000000000000000000000000
0000000000000000000000000000000000000000
0000000000000000000000000000000000000000
