0000000000000000000000000000000000000000
0000000000000000000000000000000000000000
0000000000000000000000000000000000000000
0000000000000000000000000000000000000000
0000000000000000000000000000000000000000
0000000000000000000000000000000000000000
0000000000000001111100000000000000000000
0000000000000011111111000000000000000000
0000000000000001111111000000000000000000
0000000000000000000111000000000000000000
0000000000000000000011100000000000000000
0000000000000000000011100000000000000000
0000000000000000000011110000000000000000
0000000000000000000011110000000000000000
0000000000000000000011110000000000000000
0000000000000000000011100000000000000000
0000000000000000000011100000000000000000
0000000000000000000011100000000000000000
0000000000000011101111000000000000000000
0000000000000111111111000000000000000000
0000000000000111111110000000000000000000
0000000000001111111110000000000000000000
0000000000001110111111000000000000000000
0000000000000111111111100000000000000000
0000000000000111110011100000000000000000
0000000000000011100011110000000000000000
0000000000000000000001111000000000000000
0000000000000000000000111000000000000000
0000000000000000000000011100000000000000
0000000000000000000000011110000000000000
0000000000000000000000001111000000000000
0000000000000000000000001111100000000000
0000000000000000000000000111110000000000
0000000000000000000000000011111000000000
0000000000000000000000000000000000000000
0000000000000000000000000000000000000000
0000000000000000000000000000000000000000
0000000000000000000000000000000000000000
0000000000000000000000000000000000000000
0000000000000000000000000000000000000000
