0000000000000000000000000000000000000000
0000000000000000000000000000000000000000
0000000000000000000000000000000000000000
0000000000000000000000000000000000000000
0000000000000000000000000000000000000000
0000000000000000000000000000000000000000
0000000000000000000000011100000000000000
0000000000000000000000111110000000000000
0000000000000000000001111111000000000000
0000000000000000000011111111000000000000
0000000000000000000011100110000000000000
0000000000000000000111000110000000000000
0000000000000000001110000110000000000000
0000000000000000011100000110000000000000
0000000000000000011000000110000000000000
0000000000000000000000001110000000000000
0000000000000000000000001100000000000000
0000000000000000000000001100000000000000
0000000000000000000000011100000000000000
0000000000000000000000011000000000000000
0000000000000000000000110000000000000000
0000000000000000111101110000000000000000
0000000000000001111111110000000000000000
0000000000000100000111100000000000000000
0000000000001000000111110000000000000000
0000000000110000001111110000000000000000
0000000000100000011100110000000000000000
0000000001100000111000011000000000000000
0000000011000001110000011000000000000000
0000000011000111100000011100000000000000
0000000011111110000000011100000000000000
0000000001110000000000011100000000000000
0000000000000000000000001100000000000000
0000000000000000000000001100000000000000
0000000000000000000000000000000000000000
0000000000000000000000000000000000000000
0000000000000000000000000000000000000000
0000000000000000000000000000000000000000
0000000000000000000000000000000000000000
0000000000000000000000000000000000000000
