0000000000000000000000000000000000000000
0000000000000000000000000000000000000000
0000000000000000000000000000000000000000
0000000000000000000000000000000000000000
0000000000000000000000000000000000000000
0000000000000000000000000000000000000000
0000000000000000000000011111000000000000
0000000000000000011111111111100000000000
0000000000000000011111111111110000000000
0000000000000000011111111111110000000000
0000000000000000111111111111110000000000
0000000000000001111111110111110000000000
0000000000000011111111100011110000000000
0000000000000111111110000011110000000000
0000000000000111111100000011110000000000
0000000000000111111000000011110000000000
0000000000000111110000000111110000000000
0000000000000011100000001111100000000000
0000000000000000000000001111100000000000
0000000000000000000000011111000000000000
0000000000000000000000111111000000000000
0000000000000000000000111110000000000000
0000000000000000111101111110000000000000
0000000000000011111111111100000000000000
0000000000001111111111111110000000000000
0000000000011111111111111110000000000000
0000000000011111111111111110000000000000
0000000000111110011111111110000000000000
0000000000111110111111111110000000000000
0000000001111111111110011111000000000000
0000000000111111111100011111000000000000
0000000000111111111000011111000000000000
0000000000111111100000011110000000000000
0000000000001110000000011110000000000000
0000000000000000000000000000000000000000
0000000000000000000000000000000000000000
0000000000000000000000000000000000000000
0000000000000000000000000000000000000000
0000000000000000000000000000000000000000
0000000000000000000000000000000000000000
