0000000000000000000000000000000000000000
0000000000000000000000000000000000000000
0000000000000000000000000000000000000000
0000000000000000000000000000000000000000
0000000000000000000000000000000000000000
0000000000000000000000000000000000000000
0000000000000000001111000000000000000000
0000000000000000001111100000000000000000
0000000000000000011111111100000000000000
0000000000000000011111111110000000000000
0000000000000000011111111111000000000000
0000000000000001111111000111100000000000
0000000000000011111110000111100000000000
0000000000000111111110000111100000000000
0000000000001111111100000111100000000000
0000000000001111111000000111100000000000
0000000000001111110000000111100000000000
0000000000001111000000000111100000000000
0000000000000000000000000111000000000000
0000000000000000000000001111000000000000
0000000000000000000000011110000000000000
0000000000000000000001111110000000000000
0000000000000000001111111110000000000000
0000000000000000111111111111000000000000
0000000000000001111111111111100000000000
0000000000000011111111111111111000000000
0000000000000111111111110011111110000000
0000000000000111111111000000111111000000
0000000000000111111110000000011111110000
0000000000001111111100000000000111111000
0000000000001111111100000000000000000000
0000000000001111110000000000000000000000
0000000000001111100000000000000000000000
0000000000001111000000000000000000000000
0000000000000000000000000000000000000000
0000000000000000000000000000000000000000
0000000000000000000000000000000000000000
0000000000000000000000000000000000000000
0000000000000000000000000000000000000000
0000000000000000000000000000000000000000
