0000000000000000000000000000000000000000
0000000000000000000000000000000000000000
0000000000000000000000000000000000000000
0000000000000000000000000000000000000000
0000000000000000000000000000000000000000
0000000000000000000000000000000000000000
0000000000000011111111100000000000000000
0000000000000111111111111100000000000000
0000000000001111111111111100000000000000
0000000000011111111111111100000000000000
0000000000011111111111111100000000000000
0000000000111111111111111100000000000000
0000000000111111111001111100000000000000
0000000000111111111001111100000000000000
0000000000011111110001111100000000000000
0000000000000111000011111100000000000000
0000000000000000000111111000000000000000
0000000000000000000111110000000000000000
0000000000000000000111110011110000000000
0000000000000000000111110011111000000000
0000000000000000011111100011111000000000
0000000000000000011111000011111000000000
0000000000000000111110000011111100000000
0000000000000011111110000001111110000000
0000000000000111111110000001111110000000
0000000000001111111110000001111110000000
0000000000011111111111000011111100000000
0000000000111111111111100111111100000000
0000000000111111111111111111111000000000
0000000000111111111111111111111000000000
0000000000111111001111111111110000000000
0000000000111110001111111111100000000000
0000000000111100000111111111000000000000
0000000000000000000011111100000000000000
0000000000000000000000000000000000000000
0000000000000000000000000000000000000000
0000000000000000000000000000000000000000
0000000000000000000000000000000000000000
0000000000000000000000000000000000000000
0000000000000000000000000000000000000000
