0000000000000000000000000000000000000000
0000000000000000000000000000000000000000
0000000000000000000000000000000000000000
0000000000000000000000000000000000000000
0000000000000000000000000000000000000000
0000000000000000000000000000000000000000
0000000000000000111111110000000000000000
0000000000000111111011111000000000000000
0000000000001111000000111100000000000000
0000000000011110000000001110000000000000
0000000000011000000000000110000000000000
0000000000011000000000000111000000000000
0000000000000000000000000111000000000000
0000000000000000000000000111000000000000
0000000000000000000000000111000000000000
0000000000000000000000000111000000000000
0000000000000000000000000011000000000000
0000000000000000000000000110000000000000
0000000000000000000000000110000000000000
0000000000000000000000001110000000000000
0000000000000000000000001100000000000000
0000000000000000001100011100000000000000
0000000000000001111111111000000000000000
0000000000000111111111111100000000000000
0000000000011110000111111111000000000000
0000000001111000000111000111100000000000
0000000011100000011110000011111000000000
0000000011000011111000000000111100000000
0000000111001111110000000000011110000000
0000000111111111000000000000001110000000
0000000111111000000000000000000111100000
0000000011100000000000000000000111110000
0000000000000000000000000000000011110000
0000000000000000000000000000000000100000
0000000000000000000000000000000000000000
0000000000000000000000000000000000000000
0000000000000000000000000000000000000000
0000000000000000000000000000000000000000
0000000000000000000000000000000000000000
0000000000000000000000000000000000000000
