0000000000000000000000000000000000000000
0000000000000000000000000000000000000000
0000000000000000000000000000000000000000
0000000000000000000000000000000000000000
0000000000000000000000000000000000000000
0000000000000000000000000000000000000000
0000000000000000000000000000000000000000
0000000000000000001100000000000000000000
0000000000000000011100011100000000000000
0000000000000000011111111111000000000000
0000000000000000111111100011000000000000
0000000000000000011110000011100000000000
0000000000000000000100000011000000000000
0000000000000000000000000011000000000000
0000000000000000000000000110000000000000
0000000000000000000000001110000000000000
0000000000000000000000011100000000000000
0000000000000000000000111000000000000000
0000000000000000000001110000000000000000
0000000000000000011111110000000000000000
0000000000000000011111111000000000000000
0000000000000000011100011100000000000000
0000000000000000011000001100000000000000
0000000000000000000000000110000000000000
0000000000000000000000000110000000000000
0000000000000000000000000111000000000000
0000000000000000000000000111000000000000
0000000000000000000000000111000000000000
0000000000000000000000000110000000000000
0000000000000000000000001110000000000000
0000000000000000000000011100000000000000
0000000000000000000000111000000000000000
0000000001000000000011110000000000000000
0000000011100000001111000000000000000000
0000000001111111111100000000000000000000
0000000000011111110000000000000000000000
0000000000000000000000000000000000000000
0000000000000000000000000000000000000000
0000000000000000000000000000000000000000
0000000000000000000000000000000000000000
