0000000000000000000000000000000000000000
0000000000000000000000000000000000000000
0000000000000000000000000000000000000000
0000000000000000000000000000000000000000
0000000000000000000000000000000000000000
0000000000000000000000000000000000000000
0000000000000111111110000000000000000000
0000000000000111111111100000000000000000
0000000000001111111111110000000000000000
0000000000001111100111111000000000000000
0000000000001111000000011100000000000000
0000000000000110000000011110000000000000
0000000000000000000000011110000000000000
0000000000000000000000111110000000000000
0000000000000000000000111100000000000000
0000000000000000000001111100000000000000
0000000000000000000011111100000000000000
0000000000000000000011111000000000000000
0000000000000001111111110000000000000000
0000000000000011111111110000000000000000
0000000000000111111111111100000000000000
0000000000000111111100011110000000000000
0000000000000000000000001110000000000000
0000000000000000000000001111000000000000
0000000000000000000000000111000000000000
0000000000000000000000000111100000000000
0000000000000000000000000111100000000000
0000000000000000000000001111100000000000
0000000000000000000000011111100000000000
0000000000111100000000011111000000000000
0000000000111111101111111111000000000000
0000000000011111111111111110000000000000
0000000000001111111111111100000000000000
0000000000000011111111110000000000000000
0000000000000000000000000000000000000000
0000000000000000000000000000000000000000
0000000000000000000000000000000000000000
0000000000000000000000000000000000000000
0000000000000000000000000000000000000000
0000000000000000000000000000000000000000
