0000000000000000000000000000000000000000
0000000000000000000000000000000000000000
0000000000000000000000000000000000000000
0000000000000000000000000000000000000000
0000000000000000000000000000000000000000
0000000000000000000000000000000000000000
0000000000000000000000000000000000000000
0000000000000000001111111111000000000000
0000000000000000111111111111100000000000
0000000000000111111111111111110000000000
0000000000001111111111011111110000000000
0000000000011111100000000111110000000000
0000000000001100000000000011110000000000
0000000000000000000000000111110000000000
0000000000000000000000011111110000000000
0000000000000000000000011111100000000000
0000000000000000000001111111000000000000
0000000000000000000111111100000000000000
0000000000000000001111111100000000000000
0000000000000000111111111000000000000000
0000000000000000111111111100000000000000
0000000000000000111011111110000000000000
0000000000000000110000111110000000000000
0000000000000000000000011110000000000000
0000000000000000000000011110000000000000
0000000000000000000000011110000000000000
0000000000000000000000011110000000000000
0000000000000000000000111100000000000000
0000000000000000000001111100000000000000
0000000000000000000011111000000000000000
0000000000000111111111110000000000000000
0000000000011111111111110000000000000000
0000000000111111111111000000000000000000
0000000001111111111100000000000000000000
0000000000111111110000000000000000000000
0000000000111111000000000000000000000000
0000000000000000000000000000000000000000
0000000000000000000000000000000000000000
0000000000000000000000000000000000000000
0000000000000000000000000000000000000000
