0000000000000000000000000000000000000000
0000000000000000000000000000000000000000
0000000000000000000000000000000000000000
0000000000000000000000000000000000000000
0000000000000011111000000000000000000000
0000000000000011111100000000000000000000
0000000000000011111111110000000000000000
0000000000000011111111111000000000000000
0000000000000001111111111100000000000000
0000000000000000000111111100000000000000
0000000000000000000000011100000000000000
0000000000000000000000001110000000000000
0000000000000000000000001110000000000000
0000000000000000000000011110000000000000
0000000000000000000000111100000000000000
0000000000000000000011111100000000000000
0000000000000000011111111000000000000000
0000000000011111111111111000000000000000
0000000000011111111111111100000000000000
0000000000011111111111111111000000000000
0000000000011111111111111111110000000000
0000000000000000000000001111111000000000
0000000000000000000000000111111100000000
0000001000000000000000000000111100000000
0000001000000000000000000000011110000000
0000001000000000000000000000001110000000
0000000000000000000000000000001110000000
0000001000000000000000000000111110000000
0000001111001000110000111111111110000000
0000000111111111111111111111111100000000
0000000011111111111111111111111000000000
0000000000011111111111111111000000000000
0000000000000000100011111000000000000000
0000000000000000000000000000000000000000
0000000000000000000000000000000000000000
0000000000000000000000000000000000000000
0000000000000000000000000000000000000000
0000000000000000000000000000000000000000
0000000000000000000000000000000000000000
0000000000000000000000000000000000000000
