0000000000000000000000000000000000000000
0000000000000000000000000000000000000000
0000000000000000000000000000000000000000
0000000000000000000000000000000000000000
0000000000000000000000000000000000000000
0000000000000000000000000000000000000000
0000000000000000000011100000000000000000
0000000000000000000111111000000000000000
0000000000000000001111111000000000000000
0000000000000000011111111000000000000000
0000000000000000011111111000000000000000
0000000000000001111111111000000000000000
0000000000000001111111111000000000000000
0000000000000001111111111110000000000000
0000000000000001111111111110000000000000
0000000000000001111111111110000000000000
0000000000000000111111111111000000000000
0000000000000000001111111111000000000000
0000000000000000001111111111100000000000
0000000000000000011111111111100000000000
0000000000000000011111001111100000000000
0000000000000000111110001111100000000000
0000000000000000011110001111100000000000
0000000000000000011110001111100000000000
0000000000011100011000001111100000000000
0000000000011110000000001111000000000000
0000000000011111000000011111000000000000
0000000000001111100000011111000000000000
0000000000000111110000111110000000000000
0000000000000111111111111110000000000000
0000000000000001111111111110000000000000
0000000000000000111111111100000000000000
0000000000000000011111111000000000000000
0000000000000000000111100000000000000000
0000000000000000000000000000000000000000
0000000000000000000000000000000000000000
0000000000000000000000000000000000000000
0000000000000000000000000000000000000000
0000000000000000000000000000000000000000
0000000000000000000000000000000000000000
