0000000000000000000000000000000000000000
0000000000000000000000000000000000000000
0000000000000000000000000000000000000000
0000000000000000000000000000000000000000
0000000000000000000000000000000000000000
0000000000000000000000000000000000000000
0000000000000000111111111000000000000000
0000000000000011111111111110000000000000
0000000000000111000000001111000000000000
0000000000000000000000000011000000000000
0000000000000000000000000011100000000000
0000000000000000000000000011000000000000
0000000000000000000000000011000000000000
0000000000000000000000001110000000000000
0000000000000000000000001100000000000000
0000000000000000000000011100000000000000
0000000000000000000001111000000000000000
0000000000000000011111110000000000000000
0000000000000000111111111000000000000000
0000000000000000111111111000000000000000
0000000000000000110000011100000000000000
0000000000000000000000001110000000000000
0000000000000000000000000110000000000000
0000000000000000000000000110000000000000
0000000000000000000000000110000000000000
0000000000000000000000000110000000000000
0000000000000000000000001110000000000000
0000000001000000000000001100000000000000
0000000001100000000000011100000000000000
0000000001110000000000111100000000000000
0000000001111000000011110000000000000000
0000000000111111011111100000000000000000
0000000000011111111111000000000000000000
0000000000000111111000000000000000000000
0000000000000000000000000000000000000000
0000000000000000000000000000000000000000
0000000000000000000000000000000000000000
0000000000000000000000000000000000000000
0000000000000000000000000000000000000000
0000000000000000000000000000000000000000
