0000000000000000000000000000000000000000
0000000000000000000000000000000000000000
0000000000000000000000000000000000000000
0000000000000000000000000000000000000000
0000000000000000000000000000000000000000
0000000000000000000000000000000000000000
0000000000000000000000000000000000000000
0000000000001111111000000000000000000000
0000000000011111111110000000000000000000
0000000000111000111111110000000000000000
0000000000100000000001110000000000000000
0000000000000000000001110000000000000000
0000000000000000000001110000000000000000
0000000000000000000011100000000000000000
0000000000000000000111110000000000000000
0000000000000000001111111100000000000000
0000000000000000011111111110000000000000
0000000000000000111100000111000000000000
0000000000000000111000000011100000000000
0000000000000000000000000001110000000000
0000000000000000000000000000110000000000
0000000000000000000000000000110000000000
0000000000000000000000000000110000000000
0000000001000000000000000000111000000000
0000000001000000000000000000111000000000
0000000001000000000000000000110000000000
0000000001000000000000000001110000000000
0000000001100000000000000011110000000000
0000000000100000000000000011100000000000
0000000000110000000000000111000000000000
0000000000110000000000001110000000000000
0000000000011000000000011100000000000000
0000000000011110000001111000000000000000
0000000000000111111111110000000000000000
0000000000000001111111000000000000000000
0000000000000000000000000000000000000000
0000000000000000000000000000000000000000
0000000000000000000000000000000000000000
0000000000000000000000000000000000000000
0000000000000000000000000000000000000000
