0000000000000000000000000000000000000000
0000000000000000000000000000000000000000
0000000000000000000000000000000000000000
0000000000000000000000000000000000000000
0000000000000000000000000000000000000000
0000000000000000000000000000000000000000
0000000000000000000000000000000000000000
0000000000000000000011111000000000000000
0000000000000000111111111110000000000000
0000000000000011111111111111100000000000
0000000000011111111111111111110000000000
0000000000111111100000000011110000000000
0000000000111100000000000001111000000000
0000000000111000000000000001111000000000
0000000000111000000000000001111000000000
0000000000011000000000000001111000000000
0000000000000000000000000001110000000000
0000000000000001111110000011110000000000
0000000000000011111111000011110000000000
0000000000000011100111100111100000000000
0000000000000011000011111111000000000000
0000000000000011100011111111000000000000
0000000000000011110011111111000000000000
0000000000000000111111111111100000000000
0000000000000001111111001111100000000000
0000000000001111111110000111100000000000
0000000000111110000000000111100000000000
0000000001111000000000001111000000000000
0000000001110000000000011111000000000000
0000000001110000000000111110000000000000
0000000001110000000001111100000000000000
0000000001111000000011111000000000000000
0000000000111111111111110000000000000000
0000000000011111111111100000000000000000
0000000000000011111110000000000000000000
0000000000000000110000000000000000000000
0000000000000000000000000000000000000000
0000000000000000000000000000000000000000
0000000000000000000000000000000000000000
0000000000000000000000000000000000000000
