0000000000000000000000000000000000000000
0000000000000000000000000000000000000000
0000000000000000000000000000000000000000
0000000000000000000000000000000000000000
0000000000000000000000000000000000000000
0000000000000000000000000000000000000000
0000000000000000000000000000110000000000
0000000000000000000000000000110000000000
0000000000000000000000000001110000000000
0000000000000000000000000001110000000000
0000000000000000000000000011100000000000
0000000000000000011000000011100000000000
0000000000000000111000000011000000000000
0000000000000001100000000111000000000000
0000000000000001100000000111000000000000
0000000000000011100000000110000000000000
0000000000000011100000000110000000000000
0000000000000011000000001110000000000000
0000000000000111000000001110000000000000
0000000000000111000000001110000000000000
0000000000000110000000011110000000000000
0000000000001110000000111110000000000000
0000000000001110000001111110000000000000
0000000000001111111111111100000000000000
0000000000001111111111111000000000000000
0000000000001111111001111000000000000000
0000000000000000000000111000000000000000
0000000000000000000000111000000000000000
0000000000000000000001110000000000000000
0000000000000000000001110000000000000000
0000000000000000000001110000000000000000
0000000000000000000011100000000000000000
0000000000000000000011100000000000000000
0000000000000000000011100000000000000000
0000000000000000000000000000000000000000
0000000000000000000000000000000000000000
0000000000000000000000000000000000000000
0000000000000000000000000000000000000000
0000000000000000000000000000000000000000
0000000000000000000000000000000000000000
