0000000000000000000000000000000000000000
0000000000000000000000000000000000000000
0000000000000000000000000000000000000000
0000000000000000000000000000000000000000
0000000000000000000000000000000000000000
0000000000000000000000000000000000000000
0000000000000000000000000000000000000000
0000000000000000000000000000000000000000
0000000000000000000000000000000000000000
0000000000000000000000000000000001110000
0000000000000000000000000000000111110000
0000000000110000000000000000001111100000
0000000011111000000000000000011111000000
0000000111111000000000000001111110000000
0000000111111000000000000011111100000000
0000000011111000000000000011111000000000
0000000001110000000000000111110000000000
0000000001110000000000011111100000000000
0000000011100000000001111111100000000000
0000000011100000000011111111000000000000
0000000011100000000111111110000000000000
0000000011110000111111111110000000000000
0000000011111111111110111100000000000000
0000000001111111111000111100000000000000
0000000000111111110001111000000000000000
0000000000001111000001110000000000000000
0000000000000000000011110000000000000000
0000000000000000000111100000000000000000
0000000000000000000111000000000000000000
0000000000000000001111000000000000000000
0000000000000000011110000000000000000000
0000000000000000011110000000000000000000
0000000000000000011111000000000000000000
0000000000000000000111100000000000000000
0000000000000000000000000000000000000000
0000000000000000000000000000000000000000
0000000000000000000000000000000000000000
0000000000000000000000000000000000000000
0000000000000000000000000000000000000000
0000000000000000000000000000000000000000
