0000000000000000000000000000000000000000
0000000000000000000000000000000000000000
0000000000000000000000000000000000000000
0000000000000000000000000000000000000000
0000000000000000000000000000000000000000
0000000000000000000000000000000000000000
0000000000000000000000000000000000000000
0000000000000011000000000000000000000000
0000000000000011000000000000000000000000
0000000000000011100000001100000000000000
0000000000000011100000001110000000000000
0000000000000011100000001110000000000000
0000000000000011100000001110000000000000
0000000000000111100000001110000000000000
0000000000001111100000001110000000000000
0000000000011111000000001110000000000000
0000000000111111000000000111000000000000
0000000000111110000000001111000000000000
0000000001111110000001111111000000000000
0000000001111111111111111111100000000000
0000000011111111111111111111100000000000
0000000001111111111111111111100000000000
0000000001111111111111111111100000000000
0000000000111111110000000011100000000000
0000000000000000000000000011100000000000
0000000000000000000000000011100000000000
0000000000000000000000000011100000000000
0000000000000000000000000011100000000000
0000000000000000000000000011100000000000
0000000000000000000000000011100000000000
0000000000000000000000000011100000000000
0000000000000000000000000011100000000000
0000000000000000000000000011100000000000
0000000000000000000000000011000000000000
0000000000000000000000000011000000000000
0000000000000000000000000010000000000000
0000000000000000000000000000000000000000
0000000000000000000000000000000000000000
0000000000000000000000000000000000000000
0000000000000000000000000000000000000000
