0000000000000000000000000000000000000000
0000000000000000000000000000000000000000
0000000000000000000000000000000000000000
0000000000000000000000000000000000000000
0000000000000000000000000000000000000000
0000000000000000000000000000000000000000
0000000000000000000000000000000000000000
0000000000000000000000000000000100000000
0000000000000000000000000000011110000000
0000000000000000000110000000111110000000
0000000000000000001111000001111000000000
0000000000000000011110000001110000000000
0000000000000000111110000011100000000000
0000000000000000111100000111100000000000
0000000000000001111000001111000000000000
0000000000000011110000001110000000000000
0000000000000011100000011110000000000000
0000000000000111100000011110000000000000
0000000000000111000000111100000000000000
0000000000001110000001111000000000000000
0000000000001110000001110000000000000000
0000000000001110000011110000000000000000
0000000000001110000011110000000000000000
0000000000001111111111100000000000000000
0000000000000111111111100000000000000000
0000000000000011111111000000000000000000
0000000000000000001110000000000000000000
0000000000000000011110000000000000000000
0000000000000000011100000000000000000000
0000000000000000111100000000000000000000
0000000000000000111100000000000000000000
0000000000000000111100000000000000000000
0000000000000001111100000000000000000000
0000000000000001111000000000000000000000
0000000000000001111000000000000000000000
0000000000000000110000000000000000000000
0000000000000000000000000000000000000000
0000000000000000000000000000000000000000
0000000000000000000000000000000000000000
0000000000000000000000000000000000000000
