0000000000000000000000000000000000000000
0000000000000000000000000000000000000000
0000000000000000000000000000000000000000
0000000000000000000000000000000000000000
0000000000000000000000000000000000000000
0000000000000000000000000000000000000000
0000000001111000000000000000000000000000
0000000001111100000000000000000000000000
0000000001111100000000000000000000000000
0000000000111100000000001100000000000000
0000000000011110000000011110000000000000
0000000000011110000000011111000000000000
0000000000011110000000011110000000000000
0000000000011110000000111110000000000000
0000000000011110000000111110000000000000
0000000000011110000001111110000000000000
0000000000011110000011111110000000000000
0000000000011111000111111100000000000000
0000000000011111111111111100000000000000
0000000000011111111111111100000000000000
0000000000001111111111111100000000000000
0000000000001111111111111100000000000000
0000000000000111111111111100000000000000
0000000000000000100001111100000000000000
0000000000000000000001111100000000000000
0000000000000000000001111100000000000000
0000000000000000000001111100000000000000
0000000000000000000001111100000000000000
0000000000000000000001111100000000000000
0000000000000000000001111110001101111000
0000000000000000000001111111111111111000
0000000000000000000000111111111110000000
0000000000000000000000001111110000000000
0000000000000000000000000011100000000000
0000000000000000000000000000000000000000
0000000000000000000000000000000000000000
0000000000000000000000000000000000000000
0000000000000000000000000000000000000000
0000000000000000000000000000000000000000
0000000000000000000000000000000000000000
