0000000000000000000000000000000000000000
0000000000000000000000000000000000000000
0000000000000000000000000000000000000000
0000000000000000000000000000000000000000
0000000000000000000000000000000000000000
0000000000000000000000000000000000000000
0000000000000000000000000000000000000000
0000000000000000000000000000000000000000
0000000000000000000000000000000000000000
0000000000000000000000000111100000000000
0000000000000110000000001111110000000000
0000000000011111000000001111110000000000
0000000000011111000000001111110000000000
0000000000111111100000001111100000000000
0000000000011111100000001111100000000000
0000000000011111100000001111100000000000
0000000000011111100000001111100000000000
0000000000011111100000011111100000000000
0000000000001111100000011111100000000000
0000000000001111100000011111100000000000
0000000000001111110000011111100000000000
0000000000000111110000011111110000000000
0000000000000111110000011111100000000000
0000000000000111111111111111100000000000
0000000000000111111111111111000000000000
0000000000000011111111111110000000000000
0000000000000001111111111110000000000000
0000000000000000011000111110000000000000
0000000000000000000000111110000000000000
0000000000000000000000011110000000000000
0000000000000000000000111110000000000000
0000000000000000000000111110000000000000
0000000000000000000000011110000000000000
0000000000000000000000011110000000000000
0000000000000000000000001110000000000000
0000000000000000000000001110000000000000
0000000000000000000000000110000000000000
0000000000000000000000000000000000000000
0000000000000000000000000000000000000000
0000000000000000000000000000000000000000
