0000000000000000000000000000000000000000
0000000000000000000000000000000000000000
0000000000000000000000000000000000000000
0000000000000000000000000000000000000000
0000000000000000000000000000000000000000
0000000000000000000000000000000000000000
0000000000000000000000000000000000000000
0000000000000000000000000000000000000000
0000000000000000000000000000000000000000
0000000001100000000001110000000000000000
0000000001110000000001110000000000000000
0000000001111000000000110000000000000000
0000000001111000000000111000000000000000
0000000000111000000000111000000000000000
0000000000111000000000111100000000000000
0000000000111000000000011100000000000000
0000000000111000000000011100000000000000
0000000000111000000000011100000000000000
0000000000111000000000111100000000000000
0000000000111100000111111110000000000000
0000000000011000011111111100000000000000
0000000000111111111111111100000000000000
0000000000011111111100011100000000000000
0000000000001111110000011110000000000000
0000000000000000000000001110000000000000
0000000000000000000000001111000000000000
0000000000000000000000001111000000000000
0000000000000000000000001111000000000000
0000000000000000000000001111000000000000
0000000000000000000000001111000000000000
0000000000000000000000001111000000000000
0000000000000000000000000111000000000000
0000000000000000000000000111000000000000
0000000000000000000000000111000000000000
0000000000000000000000000011100000000000
0000000000000000000000000011100000000000
0000000000000000000000000011000000000000
0000000000000000000000000000000000000000
0000000000000000000000000000000000000000
0000000000000000000000000000000000000000
