0000000000000000000000000000000000000000
0000000000000000000000000000000000000000
0000000000000000000000000000000000000000
0000000000000000000000000000000000000000
0000000000000000000000000000000000000000
0000000000000000000000000000000000000000
0000000000000000000000000000000000000000
0000000000000000000000000000000000000000
0000000000001100000000000000000010000000
0000000000001100000000000000000111000000
0000000000011000000000000000000010000000
0000000000011000000000000000000011000000
0000000000111000000000000000000011000000
0000000000111000000000000000000011000000
0000000001110000000000000000000011000000
0000000001110000000000000000000011000000
0000000011100000000000000000000011000000
0000000011000000000000000000000111000000
0000000111000000000000000000000110000000
0000000111000000000000000000001110000000
0000001110000000000000000000011110000000
0000001110000000000000000000011100000000
0000001111011000000000000000011100000000
0000000111111111111110000011111100000000
0000000001111111111111111110111000000000
0000000000000000111011110000111000000000
0000000000000000000000000000110000000000
0000000000000000000000000000110000000000
0000000000000000000000000000110000000000
0000000000000000000000000001100000000000
0000000000000000000000000001100000000000
0000000000000000000000000001100000000000
0000000000000000000000000000000000000000
0000000000000000000000000000000000000000
0000000000000000000000000000000000000000
0000000000000000000000000000000000000000
0000000000000000000000000000000000000000
0000000000000000000000000000000000000000
0000000000000000000000000000000000000000
0000000000000000000000000000000000000000
