0000000000000000000000000000000000000000
0000000000000000000000000000000000000000
0000000000000000000000000000000000000000
0000000000000000000000000000000000000000
0000000000000000000000000000000000000000
0000000000000000000000000000000000000000
0000000000000000000000000000000000000000
0000000000000000000000000000000000000000
0000000000000000000000000000000000000000
0000000000000000000000000111110000000000
0000000000000000000000000111110000000000
0000111100000000000000001111110000000000
0001111110000000000000001111111000000000
0001111110000000000000001111111000000000
0001111110000000000000001111110000000000
0001111110000000000000001111110000000000
0001111111000000000000001111110000000000
0001111111111110000000011111110000000000
0000111111111111111111111111110000000000
0000111111111111111111111111110000000000
0000000011110111111111111111110000000000
0000000000000000000001111111100000000000
0000000000000000000000011111100000000000
0000000000000000000000011111000000000000
0000000000000000000000011111000000000000
0000000000000000000000011111000000000000
0000000000000000000000011111000000000000
0000000000000000000000011111000000000000
0000000000000000000000011111000000000000
0000000000000000000000011111000000000000
0000000000000000000000011111000000000000
0000000000000000000000011111000000000000
0000000000000000000000011111000000000000
0000000000000000000000011111000000000000
0000000000000000000000011111000000000000
0000000000000000000000001111000000000000
0000000000000000000000001110000000000000
0000000000000000000000000000000000000000
0000000000000000000000000000000000000000
0000000000000000000000000000000000000000
