0000000000000000000000000000000000000000
0000000000000000000000000000000000000000
0000000000000000000000000000000000000000
0000000000000000000000000000000000000000
0000000000000000000000000000000000000000
0000000000000000000000000000000000000000
0000000000000000000000000000000000000000
0000000000000000100000000000000000000000
0000000000000001110000000000011000000000
0000000000000001110000000000111000000000
0000000000000011110000000001111100000000
0000000000000011110000000001111100000000
0000000000000111110000000001111000000000
0000000000000111110000000001111000000000
0000000000001111100000000011111000000000
0000000000001111100000000011110000000000
0000000000011111000000000111110000000000
0000000000111110000000000111110000000000
0000000000111110000000000111110000000000
0000000000111100000000101111100000000000
0000000001111000011111111111100000000000
0000000011111111111111111111100000000000
0000000011111111111110111111000000000000
0000000111111111110000111110000000000000
0000000011110000000000111110000000000000
0000000011100000000001111100000000000000
0000000000000000000001111100000000000000
0000000000000000000001111000000000000000
0000000000000000000001111000000000000000
0000000000000000000001111000000000000000
0000000000000000000001111000000000000000
0000000000000000000001111000000000000000
0000000000000000000001111000000000000000
0000000000000000000001110000000000000000
0000000000000000000001100000000000000000
0000000000000000000000000000000000000000
0000000000000000000000000000000000000000
0000000000000000000000000000000000000000
0000000000000000000000000000000000000000
0000000000000000000000000000000000000000
