0000000000000000000000000000000000000000
0000000000000000000000000000000000000000
0000000000000000000000000000000000000000
0000000000000000000000000000000000000000
0000000000000000000000000000000000000000
0000000000000000000000000000000000000000
0000000000000000000000000000000000000000
0000000000000000000000000110000000000000
0000000000000001000000001110000000000000
0000000000000011100000001111000000000000
0000000000000011100000001111000000000000
0000000000000111100000001111000000000000
0000000000000111100000001111000000000000
0000000000000111100000011111000000000000
0000000000001111100000011111000000000000
0000000000001111000000011111000000000000
0000000000011111000000011111000000000000
0000000000011111000000011111000000000000
0000000000111110000000011110000000000000
0000000000111110000000011110000000000000
0000000000111110000000111110000000000000
0000000001111111111100111110000000000000
0000000001111111111111111110000000000000
0000000000111111111111111110000000000000
0000000000001111111101111110000000000000
0000000000000011111000111110000000000000
0000000000000000000001111110000000000000
0000000000000000000001111100000000000000
0000000000000000000001111100000000000000
0000000000000000000001111100000000000000
0000000000000000000011111100000000000000
0000000000000000000011111000000000000000
0000000000000000000011111000000000000000
0000000000000000000111111000000000000000
0000000000000000000011110000000000000000
0000000000000000000001100000000000000000
0000000000000000000000000000000000000000
0000000000000000000000000000000000000000
0000000000000000000000000000000000000000
0000000000000000000000000000000000000000
