0000000000000000000000000000000000000000
0000000000000000000000000000000000000000
0000000000000000000000000000000000000000
0000000000000000000000000000000000000000
0000000000000000000000000000000000000000
0000000000000000000000000000000000000000
0000000000000000000000000000000000000000
0000000000000000000000000000000000000000
0000000000000000000000000000000000000000
0000000000000001111000000000000000000000
0000000000000001110000000000110000000000
0000000000000011110000000001110000000000
0000000000000011100000000011111000000000
0000000000000011100000000111111000000000
0000000000000111100000000111101000000000
0000000000000111000000001111001000000000
0000000000000111000000001111000000000000
0000000000001111000000001111000010000000
0000000000001110000000011110000011000000
0000000000011110000000011110000011000000
0000000000011110000000011110001111000000
0000000000011100000000111111111110000000
0000000000011100000000111111111000000000
0000000000011110001111111111100000000000
0000000000011111111111111100000000000000
0000000000011111111111111000000000000000
0000000000001111110011110000000000000000
0000000000000000000011110000000000000000
0000000000000000000011110000000000000000
0000000000000000000011100000000000000000
0000000000000000000111100000000000000000
0000000000000000000111100000000000000000
0000000000000000000111000000000000000000
0000000000000000000111000000000000000000
0000000000000000000111000000000000000000
0000000000000000001110000000000000000000
0000000000000000001110000000000000000000
0000000000000000000000000000000000000000
0000000000000000000000000000000000000000
0000000000000000000000000000000000000000
