0000000000000000000000000000000000000000
0000000000000000000000000000000000000000
0000000000000000000000000000000000000000
0000000000000000000000000000000000000000
0000000000000000000000000000000000000000
0000000000000000000000000000000000000000
0000000000000000000000000110000000000000
0000000000000000000000001110000000000000
0000000000000000100000001100000000000000
0000000000000001100000011000000000000000
0000000000000011100000011000000000000000
0000000000000011000000011000000000000000
0000000000000011000000111000000000000000
0000000000000111000000110000000000000000
0000000000000110000000110000000000000000
0000000000000110000000010000000000000000
0000000000000100000000010000000000000000
0000000000000100000000010000000000000000
0000000000001100000000010000000000000000
0000000000011100000000010000000000000000
0000000000001100000000010000010000000000
0000000000001100000000011000110000000000
0000000000000110000000001101100000000000
0000000000000111000000001111000000000000
0000000000000011000000011110000000000000
0000000000000011110000111100000000000000
0000000000000001111111111100000000000000
0000000000000000001111111100000000000000
0000000000000000000000001100000000000000
0000000000000000000000001100000000000000
0000000000000000000000001100000000000000
0000000000000000000000001110000000000000
0000000000000000000000001100000000000000
0000000000000000000000001100000000000000
0000000000000000000000000000000000000000
0000000000000000000000000000000000000000
0000000000000000000000000000000000000000
0000000000000000000000000000000000000000
0000000000000000000000000000000000000000
0000000000000000000000000000000000000000
