0000000000000000000000000000000000000000
0000000000000000000000000000000000000000
0000000000000000000000000000000000000000
0000000000000000000000000000000000000000
0000000000000000000000000000000000000000
0000000000000000000000000000000000000000
0000000000000000100000000000000000000000
0000000000000000100000000000010000000000
0000000000000000110000000000011000000000
0000000000000000110000000000010000000000
0000000000000000110000000000110000000000
0000000000000000100000000000100000000000
0000000000000000100000000001100000000000
0000000000000000100000000001100000000000
0000000000000000100000000011000000000000
0000000000000000100000000010000000000000
0000000000000001100000000010000000000000
0000000000000001100000000010000000000000
0000000000000001100000000110000000000000
0000000000000011000000001110000000000000
0000000000000011000000001100000000000000
0000000000000011000000001100000000000000
0000000000000011000000001000000000000000
0000000000000011100000010000000000000000
0000000000000011100000110000000000000000
0000000000000001100001110000000000000000
0000000000000001111111110000000000000000
0000000000000000111111100000000000000000
0000000000000000111000100000000000000000
0000000000000000000001100000000000000000
0000000000000000000001100000000000000000
0000000000000000000001100000000000000000
0000000000000000000011000000000000000000
0000000000000000000010000000000000000000
0000000000000000000000000000000000000000
0000000000000000000000000000000000000000
0000000000000000000000000000000000000000
0000000000000000000000000000000000000000
0000000000000000000000000000000000000000
0000000000000000000000000000000000000000
