0000000000000000000000000000000000000000
0000000000000000000000000000000000000000
0000000000000000000000000000000000000000
0000000000000000000000000000000000000000
0000000000000000000000000000000000000000
0000000000000000000000000000000000000000
0000000000000000000000000000000000000000
0000000000000000000000000000000000000000
0000000000000000000000000000000000000000
0000000000000000000000001110000000000000
0000000000000000000000011100000000000000
0000000000000000000000011000000000000000
0000000000000000100000011000000000000000
0000000000000001110000011000000000000000
0000000000000011100000011000000000000000
0000000000000111100000011000000000000000
0000000000001110000000011000000000000000
0000000000001100000000011000000000000000
0000000000011000000000011000000000000000
0000000000111000000000011000000000000000
0000000000111000000000011000000000000000
0000000000111111111111111100000000000000
0000000000011111111111111100000000000000
0000000000000000000000011000000000000000
0000000000000000000000011000000000000000
0000000000000000000000011000000000000000
0000000000000000000000011000000000000000
0000000000000000000000011000000000000000
0000000000000000000000011000000000000000
0000000000000000000000111000000000000000
0000000000000000000000110000000000000000
0000000000000000000000110000000000000000
0000000000000000000000110000000000000000
0000000000000000000001110000000000000000
0000000000000000000001110000000000000000
0000000000000000000001100000000000000000
0000000000000000000001100000000000000000
0000000000000000000000000000000000000000
0000000000000000000000000000000000000000
0000000000000000000000000000000000000000
