0000000000000000000000000000000000000000
0000000000000000000000000000000000000000
0000000000000000000000000000000000000000
0000000000000000000000000000000000000000
0000000000000000000000000000000000000000
0000000000000000000000000000000000000000
0000000000000000000000000000000000000000
0000000000000000000000000000000000000000
0000000000000000000000000000000000000000
0000000000000000000000000011100000000000
0000000000000000110000001110000000000000
0000000000000001100000001100000000000000
0000000000000001100000001100000000000000
0000000000000001100000011100000000000000
0000000000000011100000011000000000000000
0000000000000011100000011000000000000000
0000000000000011100000110000000000000000
0000000000000111100000110000000000000000
0000000000000011100000110000000000000000
0000000000000001100000110000000000000000
0000000000000000110000110000000000000000
0000000000000000111000110000000000000000
0000000000000000111101110000000000000000
0000000000000000011111111111000000000000
0000000000000000000001111000000000000000
0000000000000000000000110000000000000000
0000000000000000000000110000000000000000
0000000000000000000000110000000000000000
0000000000000000000000010000000000000000
0000000000000000000000011000000000000000
0000000000000000000000011000000000000000
0000000000000000000000011000000000000000
0000000000000000000000011100000000000000
0000000000000000000000011100000000000000
0000000000000000000000011100000000000000
0000000000000000000000011100000000000000
0000000000000000000000011100000000000000
0000000000000000000000000000000000000000
0000000000000000000000000000000000000000
0000000000000000000000000000000000000000
