0000000000000000000000000000000000000000
0000000000000000000000000000000000000000
0000000000000000000000000000000000000000
0000000000000000000000000000000000000000
0000000000000000000000000000000000000000
0000000000000000000000000000000000000000
0000000000000000000000000000001111110000
0000000000000000000000001111111111110000
0000000000000000000000111111111111100000
0000000000000000000011111111111000000000
0000000000000000000011111110000000000000
0000000000000000001111100000000000000000
0000000000000000111111000000000000000000
0000000000000011111000000000000000000000
0000000000000011100000111000000000000000
0000000000000111110111111100000000000000
0000000000000111111111111110000000000000
0000000000001111111100001111000000000000
0000000000001111100000000111100000000000
0000000000001100000000000111100000000000
0000000000000000000000000111100000000000
0000000000000000000000000111100000000000
0000000000000000000000000111100000000000
0000000000000000000000001111000000000000
0000000000000000000000001111000000000000
0000000000110000000000001110000000000000
0000000001111100000000011110000000000000
0000000001111111000000111100000000000000
0000000001111111111111111100000000000000
0000000001111111111111111000000000000000
0000000000111111111111100000000000000000
0000000000111111111111000000000000000000
0000000000011111111110000000000000000000
0000000000001111111000000000000000000000
0000000000000000000000000000000000000000
0000000000000000000000000000000000000000
0000000000000000000000000000000000000000
0000000000000000000000000000000000000000
0000000000000000000000000000000000000000
0000000000000000000000000000000000000000
