0000000000000000000000000000000000000000
0000000000000000000000000000000000000000
0000000000000000000000000000000000000000
0000000000000000000000000000000000000000
0000000000000000000000000000000000000000
0000000000000000000000000000000000000000
0000000000000000000000000000000000000000
0000000000000000000000000000000000000000
0000000000000000000000000000000000000000
0000000000000000000000000000000000000000
0000000000000000000000000000000000000000
0000000000000000000000000000000000000000
0000000000000000011000000000000000100000
0000000000000000111111110000001111110000
0000000000000000111001111111111111100000
0000000000000001110000111111111110000000
0000000000000001110000000111000000000000
0000000000000001110000000000000000000000
0000000000000001111000000000000000000000
0000000000000001111100000000000000000000
0000000000000000111111100000000000000000
0000000000000000001111110000000000000000
0000000000000000000011110000000000000000
0000000000000000000000111000000000000000
0000000000000000000000111000000000000000
0000000000000000000000110000000000000000
0000000000000000000001110000000000000000
0000000111000000000011110000000000000000
0000000011110000000111100000000000000000
0000000001111111111111000000000000000000
0000000000111111111110000000000000000000
0000000000000000000000000000000000000000
0000000000000000000000000000000000000000
0000000000000000000000000000000000000000
0000000000000000000000000000000000000000
0000000000000000000000000000000000000000
0000000000000000000000000000000000000000
0000000000000000000000000000000000000000
0000000000000000000000000000000000000000
0000000000000000000000000000000000000000
