0000000000000000000000000000000000000000
0000000000000000000000000000000000000000
0000000000000000000000000000000000000000
0000000000000000000000000000000000000000
0000000000000000000000000000000000000000
0000000000000000000000000000000000000000
0000000000000000000000000000000000000000
0000000000000000000000000000000000000000
0000000000000000000000000000000000000000
0000000000000000000011100000000000000000
0000000000000000000111111001111111111000
0000000000000000001111111111111111100000
0000000000000000011111111111111110000000
0000000000000000011111111111000000000000
0000000000000000011111111000000000000000
0000000000000000011111000000000000000000
0000000000000000011110000000000000000000
0000000000000000011100000000000000000000
0000000000000000011100000000000000000000
0000000000000000011100000000000000000000
0000000000000000011110000000000000000000
0000000000000000011110000000000000000000
0000000000000000011110000000000000000000
0000000000000000011111000000000000000000
0000000000000000011111100000000000000000
0000000000000000001111100000000000000000
0000000000000000000111100000000000000000
0000000000000000000111100000000000000000
0000000000000000001111100000000000000000
0000000000000000011111100000000000000000
0000000000000001111110000000000000000000
0000000000000011111100000000000000000000
0000000000001111111000000000000000000000
0000000001111111100000000000000000000000
0000000001111111000000000000000000000000
0000000001111100000000000000000000000000
0000000000000000000000000000000000000000
0000000000000000000000000000000000000000
0000000000000000000000000000000000000000
0000000000000000000000000000000000000000
