0000000000000000000000000000000000000000
0000000000000000000000000000000000000000
0000000000000000000000000000000000000000
0000000000000000000000000000000000000000
0000000000000000000000000000000000000000
0000000000000000000000000000000000000000
0000000000000000000000000000000000000000
0000000000000000000000000000000111100000
0000000000000000000000000000011111100000
0000000000000000000000000000111111110000
0000000000000000011100000011111111100000
0000000000000001111111111111111110000000
0000000000000011111111111111110000000000
0000000000000111110000111110000000000000
0000000000001111000000000000000000000000
0000000000011111000000000000000000000000
0000000000111111001100000000000000000000
0000000000111111111110000000000000000000
0000000000011000001111000000000000000000
0000000000000000000011100000000000000000
0000000000000000000001110000000000000000
0000000000000000000001111000000000000000
0000000000000000000000111000000000000000
0000000000000000000000011100000000000000
0000000000000000000000011100000000000000
0000000000000000000000011100000000000000
0000000000000000000000111000000000000000
0000000110000000000000111000000000000000
0000000111000000000001111000000000000000
0000000011000000000001111000000000000000
0000000011000000000011110000000000000000
0000000111110000001111100000000000000000
0000000011111111111111100000000000000000
0000000001111111111110000000000000000000
0000000000001111111000000000000000000000
0000000000000011100000000000000000000000
0000000000000000000000000000000000000000
0000000000000000000000000000000000000000
0000000000000000000000000000000000000000
0000000000000000000000000000000000000000
