0000000000000000000000000000000000000000
0000000000000000000000000000000000000000
0000000000000000000000000000000000000000
0000000000000000000000000000000000000000
0000000000000000000000011111110000000000
0000000000000000000000111111110000000000
0000000000000000000001111111110000000000
0000000000000000000001111111110000000000
0000000000000000000001111111000000000000
0000000000000000000001111110000000000000
0000000000000000000011111110000000000000
0000000000000000000011111100000000000000
0000000000000000000011111100000000000000
0000000000000000000011111000000000000000
0000000000000000000011111000000000000000
0000000000000000000011111000000000000000
0000000000000000000011111000000000000000
0000000000000000000011111000000000000000
0000000000000000000011111000000000000000
0000000001111100000011111000000000000000
0000000001111110000011111000000000000000
0000000001111110000111111000000000000000
0000000001111110000111111000000000000000
0000000001111111000111111000000000000000
0000000000111111000011111000000000000000
0000000000111111100011111000000000000000
0000000000011111111111111000000000000000
0000000000011111111111111000000000000000
0000000000001111111111111000000000000000
0000000000001111111111111000000000000000
0000000000000111111111110000000000000000
0000000000000001111111110000000000000000
0000000000000000011111100000000000000000
0000000000000000000000000000000000000000
0000000000000000000000000000000000000000
0000000000000000000000000000000000000000
0000000000000000000000000000000000000000
0000000000000000000000000000000000000000
0000000000000000000000000000000000000000
0000000000000000000000000000000000000000
