0000000000000000000000000000000000000000
0000000000000000000000000000000000000000
0000000000000000000000000000000000000000
0000000000000000000000000000000000000000
0000000000000000000000000000000000000000
0000000000000000000000000000000000000000
0000000000000000000000000000000000000000
0000000000000000000000000111100000000000
0000000000000000000000011111100000000000
0000000000000000000000111111000000000000
0000000000000000000111111000000000000000
0000000000000000001111100000000000000000
0000000000000000011110000000000000000000
0000000000000000011100000000000000000000
0000000000000000011000000000000000000000
0000000000000000011000000000000000000000
0000000000000000011000000000000000000000
0000000000000000011000000000000000000000
0000000000000000011100000000000000000000
0000000000000000111111000000000000000000
0000000000000000111111110000000000000000
0000000000000000111001110000000000000000
0000000000000000110000111000000000000000
0000000000000000110000011100000000000000
0000000000000001110000011100000000000000
0000000000000001100000011100000000000000
0000000000000000000000011100000000000000
0000000000000000000000111000000000000000
0000000000000000000001110000000000000000
0000000000000000000001100000000000000000
0000000000000000000111100000000000000000
0000000000000000000111000000000000000000
0000000000000000001110000000000000000000
0000000000000011111100000000000000000000
0000000000000111110000000000000000000000
0000000000000111100000000000000000000000
0000000000000000000000000000000000000000
0000000000000000000000000000000000000000
0000000000000000000000000000000000000000
0000000000000000000000000000000000000000
