0000000000000000000000000000000000000000
0000000000000000000000000000000000000000
0000000000000000000000000000000000000000
0000000000000000000000000000110000000000
0000000000000000000000000000110000000000
0000000000000000000000000001110000000000
0000000000000000000000000011110000000000
0000000000000000000000000111100000000000
0000000000000000000000001111000000000000
0000000000000000000000001111000000000000
0000000000000000000000011110000000000000
0000000000000000000000111100000000000000
0000000000000000000001111000000000000000
0000000000000000000011110000000000000000
0000000000000000000111100000000000000000
0000000000000000001111100000000000000000
0000000000000000011111000000000000000000
0000000000000000011110000000000000000000
0000000000000000111100000111000000000000
0000000000000001111000011111000000000000
0000000000000011111000111111100000000000
0000000000000011110011111111000000000000
0000000000000111100011111111000000000000
0000000000001111000111000110000000000000
0000000000011110011110001110000000000000
0000000000111100011110011100000000000000
0000000000111000111111111000000000000000
0000000001111001111111110000000000000000
0000000001111111111111100000000000000000
0000000001111111111110000000000000000000
0000000001111111110000000000000000000000
0000000000000000000000000000000000000000
0000000000000000000000000000000000000000
0000000000000000000000000000000000000000
0000000000000000000000000000000000000000
0000000000000000000000000000000000000000
0000000000000000000000000000000000000000
0000000000000000000000000000000000000000
0000000000000000000000000000000000000000
0000000000000000000000000000000000000000
