0000000000000000000000000000000000000000
0000000000000000000000000000000000000000
0000000000000000000000000000000000000000
0000000000000000000000000000000000000000
0000000000000000000000010000000000000000
0000000000000000000011110000000000000000
0000000000000000000111111000000000000000
0000000000000000001111111000000000000000
0000000000000000011111111000000000000000
0000000000000000011111110000000000000000
0000000000000000011111100000000000000000
0000000000000000111111000000000000000000
0000000000000000111110000000000000000000
0000000000000001111110000000000000000000
0000000000000001111100000000000000000000
0000000000000011111100000000000000000000
0000000000000011111100111110000000000000
0000000000000011111001111111000000000000
0000000000000111111001111111100000000000
0000000000000111110011111111100000000000
0000000000000111110011111111100000000000
0000000000000111110011111111100000000000
0000000000000111100001111111100000000000
0000000000000111100000011111100000000000
0000000000000111100000011111100000000000
0000000000000111100000011111100000000000
0000000000000111110000111111000000000000
0000000000000011110001111111000000000000
0000000000000011111111111110000000000000
0000000000000001111111111100000000000000
0000000000000000111111111000000000000000
0000000000000000011111110000000000000000
0000000000000000000111100000000000000000
0000000000000000000000000000000000000000
0000000000000000000000000000000000000000
0000000000000000000000000000000000000000
0000000000000000000000000000000000000000
0000000000000000000000000000000000000000
0000000000000000000000000000000000000000
0000000000000000000000000000000000000000
