0000000000000000000000000000000000000000
0000000000000000000000000000000000000000
0000000000000000000000000000000000000000
0000000000000000000000000000000000000000
0000000000000000000000000010000000000000
0000000000000000000000001111000000000000
0000000000000000000000011110000000000000
0000000000000000000000111100000000000000
0000000000000000000001111000000000000000
0000000000000000000001110000000000000000
0000000000000000000011110000000000000000
0000000000000000000011100000000000000000
0000000000000000000111000000000000000000
0000000000000000001111000000000000000000
0000000000000000011110000000000000000000
0000000000000000011100000000000000000000
0000000000000000111100000000000000000000
0000000000000001111000000000000000000000
0000000000000001110000000000000000000000
0000000000000011110000111111000000000000
0000000000000011100111111111100000000000
0000000000000111111111111111110000000000
0000000000000111111110000001100000000000
0000000000001111111000000011100000000000
0000000000001111000000000011000000000000
0000000000001111000000000110000000000000
0000000000001110000000001110000000000000
0000000000001110000000111100000000000000
0000000000001111000001111000000000000000
0000000000001111000111110000000000000000
0000000000000111111111000000000000000000
0000000000000011111100000000000000000000
0000000000000000111000000000000000000000
0000000000000000000000000000000000000000
0000000000000000000000000000000000000000
0000000000000000000000000000000000000000
0000000000000000000000000000000000000000
0000000000000000000000000000000000000000
0000000000000000000000000000000000000000
0000000000000000000000000000000000000000
