0000000000000000000000000000000000000000
0000000000000000000000000000000000000000
0000000000000000000000000000000000000000
0000000000000000000000000000011000000000
0000000000000000000000000000111000000000
0000000000000000000000000001111000000000
0000000000000000000000000011110000000000
0000000000000000000000000111100000000000
0000000000000000000000001110000000000000
0000000000000000000000011100000000000000
0000000000000000000000111000000000000000
0000000000000000000011110000000000000000
0000000000000000000111100000000000000000
0000000000000000001111000000000000000000
0000000000000000011110000000000000000000
0000000000000000111100000000000000000000
0000000000000001110000000000000000000000
0000000000000011100000000111111000000000
0000000000000111000000011111111100000000
0000000000001111000000111111111110000000
0000000000011100000011111000001110000000
0000000000011000000111100000001110000000
0000000000111000001111000000011100000000
0000000000111000011110000000111100000000
0000000000110000111000000001111000000000
0000000000110001110000000111110000000000
0000000000111011100000111111000000000000
0000000000011111111111111100000000000000
0000000000011111111111111000000000000000
0000000000001111111111000000000000000000
0000000000001100000000000000000000000000
0000000000000000000000000000000000000000
0000000000000000000000000000000000000000
0000000000000000000000000000000000000000
0000000000000000000000000000000000000000
0000000000000000000000000000000000000000
0000000000000000000000000000000000000000
0000000000000000000000000000000000000000
0000000000000000000000000000000000000000
0000000000000000000000000000000000000000
