0000000000000000000000000000000000000000
0000000000000000000000000000000000000000
0000000000000000000000000000000000000000
0000000000000000000000000000000000000000
0000000000000000000000000110000000000000
0000000000000000000000001110000000000000
0000000000000000000000001110000000000000
0000000000000000000000111100000000000000
0000000000000000000000111100000000000000
0000000000000000000001111000000000000000
0000000000000000000011110000000000000000
0000000000000000000111100000000000000000
0000000000000000000111100000000000000000
0000000000000000011111000000000000000000
0000000000000000011110000000000000000000
0000000000000000011110000000000000000000
0000000000000000111100000000000000000000
0000000000000000111000000000000000000000
0000000000000001111000001110000000000000
0000000000000001111000111111110000000000
0000000000000011100011111111110000000000
0000000000000011100111111101110000000000
0000000000000111100110000001110000000000
0000000000000111100000000001100000000000
0000000000000111100000000011100000000000
0000000000000111000000000011000000000000
0000000000000111000000000111000000000000
0000000000000111000000001110000000000000
0000000000000111100000011110000000000000
0000000000000111100011111100000000000000
0000000000000011111111111000000000000000
0000000000000001111111100000000000000000
0000000000000000111111000000000000000000
0000000000000000000000000000000000000000
0000000000000000000000000000000000000000
0000000000000000000000000000000000000000
0000000000000000000000000000000000000000
0000000000000000000000000000000000000000
0000000000000000000000000000000000000000
0000000000000000000000000000000000000000
