0000000000000000000000000000000000000000
0000000000000000000000000000000000000000
0000000000000000000000000000000000000000
0000000000000000000000000000000000000000
0000000000000000000000000000000010000000
0000000000000000000000000000001110000000
0000000000000000000000000001111110000000
0000000000000000000000000011111000000000
0000000000000000000000000111110000000000
0000000000000000000000001111100000000000
0000000000000000000000111110000000000000
0000000000000000000011111000000000000000
0000000000000000000111110000000000000000
0000000000000000000111100000000000000000
0000000000000000001111000000000000000000
0000000000000000011110000000000000000000
0000000000000000111110000000000000000000
0000000000000001111111000000000000000000
0000000000000011111111110000000000000000
0000000000000011111111111100000000000000
0000000000000111100011111111000000000000
0000000000001111100000111111100000000000
0000000000001111000000001111100000000000
0000000000011110000000000111100000000000
0000000000111100000000001111100000000000
0000000000111000000000001111100000000000
0000000000111000000000011111000000000000
0000000000111000000001111100000000000000
0000000000111000000011111000000000000000
0000000000111000111011110000000000000000
0000000000111111110000000000000000000000
0000000000111111100000000000000000000000
0000000000011100000000000000000000000000
0000000000000000000000000000000000000000
0000000000000000000000000000000000000000
0000000000000000000000000000000000000000
0000000000000000000000000000000000000000
0000000000000000000000000000000000000000
0000000000000000000000000000000000000000
0000000000000000000000000000000000000000
