0000000000000000000000000000000000000000
0000000000000000000000000000000000000000
0000000000000000000000000000000000000000
0000000000000000000000000000000000000000
0000000000000000000000111000000000000000
0000000000000000000001111100000000000000
0000000000000000000111111100000000000000
0000000000000000000111110000000000000000
0000000000000000001111100000000000000000
0000000000000000011110000000000000000000
0000000000000000011100000000000000000000
0000000000000000111100000000000000000000
0000000000000001111000000000000000000000
0000000000000011110000000000000000000000
0000000000000111100000000000000000000000
0000000000000111100000000000000000000000
0000000000000111100000000000000000000000
0000000000001111000000000000000000000000
0000000000000111000000000000011110000000
0000000000000111000000000001111111000000
0000000000001110000000001111111111000000
0000000000001110000000011111000111000000
0000000000001111000000111110000111000000
0000000000001111000001111000001111000000
0000000000001110000011100000001100000000
0000000000001110000111000000111000000000
0000000000001111000110000011110000000000
0000000000000111111110011111100000000000
0000000000000111111111111111000000000000
0000000000000001111111111110000000000000
0000000000000000011111111000000000000000
0000000000000000011110000000000000000000
0000000000000000011000000000000000000000
0000000000000000000000000000000000000000
0000000000000000000000000000000000000000
0000000000000000000000000000000000000000
0000000000000000000000000000000000000000
0000000000000000000000000000000000000000
0000000000000000000000000000000000000000
0000000000000000000000000000000000000000
