0000000000000000000000000000000000000000
0000000000000000000000000000000000000000
0000000000000000000000000000000000000000
0000000000000000000000000000000000000000
0000000000000000011000000000000000000000
0000000000000000111100000000000000000000
0000000000000000111100000000000000000000
0000000000000000111100000000000000000000
0000000000000000111100000000000000000000
0000000000000000111100000000000000000000
0000000000000001111000000000000000000000
0000000000000011111000000000000000000000
0000000000000011110000000000000000000000
0000000000000111110000000000000000000000
0000000000001111100000000000111100000000
0000000000001111100000000001111100000000
0000000000011111000000000011111110000000
0000000000011110000000000011111110000000
0000000000111100000000000111111111000000
0000000000111100000000001111101111000000
0000000001111100000000001111101110000000
0000000001111100000000001111001110000000
0000000001111000000000011110001110000000
0000000011111000000000011111111110000000
0000000011110000000000011111111100000000
0000000011110000000000011111111000000000
0000000011110000000000011111110000000000
0000000011110000000000111111110000000000
0000000011111000000111111111100000000000
0000000001111111111111111111000000000000
0000000001111111111111100000000000000000
0000000000011111111110000000000000000000
0000000000000000100000000000000000000000
0000000000000000000000000000000000000000
0000000000000000000000000000000000000000
0000000000000000000000000000000000000000
0000000000000000000000000000000000000000
0000000000000000000000000000000000000000
0000000000000000000000000000000000000000
0000000000000000000000000000000000000000
