0000000000000000000000000000000000000000
0000000000000000000000000000000000000000
0000000000000000000000000000000000000000
0000000000000000000001110000000000000000
0000000000000000000001110000000000000000
0000000000000000000011110000000000000000
0000000000000000000111100000000000000000
0000000000000000000111100000000000000000
0000000000000000000111100000000000000000
0000000000000000001111100000000000000000
0000000000000000011111000000000000000000
0000000000000000011110000000000000000000
0000000000000000111110000000000000000000
0000000000000000111110000000000000000000
0000000000000000111100000000000000000000
0000000000000000111100000000000000000000
0000000000000001111000000000000000000000
0000000000000011111000000000000000000000
0000000000000011111000000000000000000000
0000000000000011111000011000010000000000
0000000000000011110000111111111000000000
0000000000000111100001111111111000000000
0000000000000111100011111111111100000000
0000000000000111101111110000011100000000
0000000000000111111111000000111100000000
0000000000000111111110000001111000000000
0000000000000111111000000011110000000000
0000000000000011111100011111110000000000
0000000000000001111111111111100000000000
0000000000000000111111111111100000000000
0000000000000000001111111000000000000000
0000000000000000000000000000000000000000
0000000000000000000000000000000000000000
0000000000000000000000000000000000000000
0000000000000000000000000000000000000000
0000000000000000000000000000000000000000
0000000000000000000000000000000000000000
0000000000000000000000000000000000000000
0000000000000000000000000000000000000000
0000000000000000000000000000000000000000
