0000000000000000000000000000000000000000
0000000000000000000000000000000000000000
0000000000000000000000000000000000000000
0000000000000000000000000011000000000000
0000000000000000000000000111100000000000
0000000000000000000000000111100000000000
0000000000000000000000001111000000000000
0000000000000000000000011110000000000000
0000000000000000000000111100000000000000
0000000000000000000001111000000000000000
0000000000000000000001111000000000000000
0000000000000000000011110000000000000000
0000000000000000000111100000000000000000
0000000000000000001111000000000000000000
0000000000000000011110000000000000000000
0000000000000000011100000000000000000000
0000000000000000111100000000000000000000
0000000000000000111000000000000000000000
0000000000000001111000000000000000000000
0000000000000011110000011110000000000000
0000000000000011100000111111000000000000
0000000000000111100000111111100000000000
0000000000000111000000111111100000000000
0000000000001111000111000011110000000000
0000000000001111000010000011110000000000
0000000000001111000000000111110000000000
0000000000001110000110001111110000000000
0000000000001111001111111111000000000000
0000000000001111111111111110000000000000
0000000000001111111111110000000000000000
0000000000000111111110000000000000000000
0000000000000000000000000000000000000000
0000000000000000000000000000000000000000
0000000000000000000000000000000000000000
0000000000000000000000000000000000000000
0000000000000000000000000000000000000000
0000000000000000000000000000000000000000
0000000000000000000000000000000000000000
0000000000000000000000000000000000000000
0000000000000000000000000000000000000000
