0000000000000000000000000000000000000000
0000000000000000000000000000000000000000
0000000000000000000000000000000000000000
0000000000000000000000000000110000000000
0000000000000000000000000001110000000000
0000000000000000000000000011110000000000
0000000000000000000000000111100000000000
0000000000000000000000001111000000000000
0000000000000000000000011110000000000000
0000000000000000000000011100000000000000
0000000000000000000000111000000000000000
0000000000000000000001110000000000000000
0000000000000000000011110000000000000000
0000000000000000000011100000000000000000
0000000000000000000111000000000000000000
0000000000000000001110000000000000000000
0000000000000000011100000000000000000000
0000000000000000111100000000000000000000
0000000000000000111000000000000000000000
0000000000000001110000001100000000000000
0000000000000011110000111111000000000000
0000000000000011100001111111000000000000
0000000000000111100001111111100000000000
0000000000000111100011110011100000000000
0000000000000111000111100111000000000000
0000000000000111001111100110000000000000
0000000000000111001111111110000000000000
0000000000000111111111111100000000000000
0000000000000011111111111000000000000000
0000000000000001111111100000000000000000
0000000000000000011110000000000000000000
0000000000000000000000000000000000000000
0000000000000000000000000000000000000000
0000000000000000000000000000000000000000
0000000000000000000000000000000000000000
0000000000000000000000000000000000000000
0000000000000000000000000000000000000000
0000000000000000000000000000000000000000
0000000000000000000000000000000000000000
0000000000000000000000000000000000000000
