0000000000000000000000000000000000000000
0000000000000000000000000000000000000000
0000000000000000000000000000000000000000
0000000000000000000000000000000000000000
0000000000000000000011100000000000000000
0000000000000000001111110000000000000000
0000000000000000011111110000000000000000
0000000000000000011100010000000000000000
0000000000000000011100000000000000000000
0000000000000000111000000000000000000000
0000000000000000111000000000000000000000
0000000000000001110000000000000000000000
0000000000000001110000000000000000000000
0000000000000001110000000000000000000000
0000000000000011100000000000000000000000
0000000000000011100000000000000000000000
0000000000000011100000000000000000000000
0000000000000111100000000000000000000000
0000000000000111100000011100000000000000
0000000000000111100001111111000000000000
0000000000000111100011110011100000000000
0000000000000111100111000001110000000000
0000000000000111100110000000111000000000
0000000000000111100000000000011100000000
0000000000000111100000000000011100000000
0000000000000011100000000000011110000000
0000000000000011100000000000011100000000
0000000000000011110000000000011000000000
0000000000000001111000000000111000000000
0000000000000000111100000001110000000000
0000000000000000011111001111100000000000
0000000000000000001111111111000000000000
0000000000000000000011111110000000000000
0000000000000000000000000000000000000000
0000000000000000000000000000000000000000
0000000000000000000000000000000000000000
0000000000000000000000000000000000000000
0000000000000000000000000000000000000000
0000000000000000000000000000000000000000
0000000000000000000000000000000000000000
