0000000000000000000000000000000000000000
0000000000000000000000000000000000000000
0000000000000000000000000000000000000000
0000000000000000000000000000000000000000
0000000000000000000011100000000000000000
0000000000000000000011100000000000000000
0000000000000000000111100000000000000000
0000000000000000001111100000000000000000
0000000000000000001111100000000000000000
0000000000000000011100100000000000000000
0000000000000000011100000000000000000000
0000000000000000111000000000000000000000
0000000000000000111000000000000000000000
0000000000000001110000000000000000000000
0000000000000001100000000000000000000000
0000000000000011100000000000000000000000
0000000000000011100000000000000000000000
0000000000000111000000011111100000000000
0000000000000111000000111111100000000000
0000000000000111000011111111110000000000
0000000000000111000111110001110000000000
0000000000000110001111000001110000000000
0000000000000110001100000001110000000000
0000000000000110011100000001110000000000
0000000000000111011000000011100000000000
0000000000000111111000000011100000000000
0000000000000111110000001111000000000000
0000000000000111111000111110000000000000
0000000000000011111101111100000000000000
0000000000000011111111111000000000000000
0000000000000000111111110000000000000000
0000000000000000111111000000000000000000
0000000000000000001100000000000000000000
0000000000000000000000000000000000000000
0000000000000000000000000000000000000000
0000000000000000000000000000000000000000
0000000000000000000000000000000000000000
0000000000000000000000000000000000000000
0000000000000000000000000000000000000000
0000000000000000000000000000000000000000
