0000000000000000000000000000000000000000
0000000000000000000000000000000000000000
0000000000000000000000000000000000000000
0000000000000000000000000000000000000000
0000000000000000000000000000000000000000
0000000000000000000000000000000000000000
0000000000000000000000000000000000000000
0000000000000000000000000000000000000000
0000000000000000000000000000000000000000
0000000000000001100000000000000000000000
0000000000000111100000000000000000000000
0000000000011110000000000000000000000000
0000000000111100000000000000000000000000
0000000000110000000000000000000000000000
0000000001110000000000000000000111000000
0000000011100000000000000000001111100000
0000000011000000000000000000111111110000
0000000111000000000000000001110001110000
0000000110000000000000000011100001110000
0000000110000000000000000111000001110000
0000000110000000000000001110000001100000
0000000111000000000000011100000011000000
0000000111000000000000111000000111000000
0000000011100000000001110000011110000000
0000000001111100000001110001111000000000
0000000000111111100011111111110000000000
0000000000001111111111111110000000000000
0000000000000000011100000000000000000000
0000000000000000000000000000000000000000
0000000000000000000000000000000000000000
0000000000000000000000000000000000000000
0000000000000000000000000000000000000000
0000000000000000000000000000000000000000
0000000000000000000000000000000000000000
0000000000000000000000000000000000000000
0000000000000000000000000000000000000000
0000000000000000000000000000000000000000
0000000000000000000000000000000000000000
0000000000000000000000000000000000000000
0000000000000000000000000000000000000000
