0000000000000000000000000000000000000000
0000000000000000000000000000000000000000
0000000000000000000000000000000000000000
0000000000000000000011100000000000000000
0000000000000000000111100000000000000000
0000000000000000001111100000000000000000
0000000000000000011111100000000000000000
0000000000000000111111100000000000000000
0000000000000000111111000000000000000000
0000000000000001111110000000000000000000
0000000000000011111100000000000000000000
0000000000000111111100000000000000000000
0000000000001111110000000000000000000000
0000000000011111100000000000000000000000
0000000000111111000000000000000000000000
0000000000111110000000000011110000000000
0000000000111100000001101111111000000000
0000000000111100000101111111111000000000
0000000001111100001111111111111100000000
0000000001111000111111111111111110000000
0000000001111000111111111111111110000000
0000000000111001111111111110011111000000
0000000000111011111111000000001111000000
0000000001111111111000000000001111000000
0000000001111111111100000001111111000000
0000000001111111111111111111111110000000
0000000001111111111111111111111110000000
0000000000111111111111111111111100000000
0000000000011111111111111111111000000000
0000000000001111111111111111100000000000
0000000000000000111111111000000000000000
0000000000000000000000000000000000000000
0000000000000000000000000000000000000000
0000000000000000000000000000000000000000
0000000000000000000000000000000000000000
0000000000000000000000000000000000000000
0000000000000000000000000000000000000000
0000000000000000000000000000000000000000
0000000000000000000000000000000000000000
0000000000000000000000000000000000000000
