0000000000000000000000000000000000000000
0000000000000000000000000000000000000000
0000000000000000000000000000000000000000
0000000000000000000000000000000000000000
0000000000000000000000000000001100000000
0000000000000000000000000001111110000000
0000000000000000000000001111111110000000
0000000000000000000000111111000011000000
0000000000000000000011111100000000000000
0000000000000000000111110000000000000000
0000000000000000001111000000000000000000
0000000000000000011110000000000000000000
0000000000000000111100000000000000000000
0000000000000001111000000000000000000000
0000000000000011110000000000000000000000
0000000000000011100000000000000000000000
0000000000000111100000000000000000000000
0000000000000111000000000000000000000000
0000000000000111000000000000000000000000
0000000000000110000000000000000000000000
0000000000001110000000000000000000000000
0000000000001100000000011000000000000000
0000000000011100000011111110000000000000
0000000000001100111111111111000000000000
0000000000001100111110000111100000000000
0000000000001111111000000011100000000000
0000000000001111100000000001110000000000
0000000000001111000000000001110000000000
0000000000000111100000000001110000000000
0000000000000011111000000001110000000000
0000000000000001111111111111110000000000
0000000000000000011111111111000000000000
0000000000000000001111111100000000000000
0000000000000000000000000000000000000000
0000000000000000000000000000000000000000
0000000000000000000000000000000000000000
0000000000000000000000000000000000000000
0000000000000000000000000000000000000000
0000000000000000000000000000000000000000
0000000000000000000000000000000000000000
