0000000000000000000000000000000000000000
0000000000000000000000000000000000000000
0000000000000000000000000000000000000000
0000000000000000000000000000000000000000
0000000000000000000000110000000000000000
0000000000000000000001111000000000000000
0000000000000000000011111000000000000000
0000000000000000001111110000000000000000
0000000000000000011110110000000000000000
0000000000000000011100010000000000000000
0000000000000000111000100000000000000000
0000000000000000111000000000000000000000
0000000000000000111000000000000000000000
0000000000000000111000000000000000000000
0000000000000000110000000000000000000000
0000000000000001110000000000000000000000
0000000000000001110000000000000000000000
0000000000000001100000000000000000000000
0000000000000001100000000000000000000000
0000000000000011100000000000000000000000
0000000000000011111111111100000000000000
0000000000000011111111111110000000000000
0000000000000011111000001111000000000000
0000000000000011110000000111100000000000
0000000000000111110000000011100000000000
0000000000000011111000000011100000000000
0000000000000001111000000001100000000000
0000000000000000111100000011100000000000
0000000000000000011110000011100000000000
0000000000000000011111000111100000000000
0000000000000000001111111111000000000000
0000000000000000000111111110000000000000
0000000000000000000001111000000000000000
0000000000000000000000000000000000000000
0000000000000000000000000000000000000000
0000000000000000000000000000000000000000
0000000000000000000000000000000000000000
0000000000000000000000000000000000000000
0000000000000000000000000000000000000000
0000000000000000000000000000000000000000
