0000000000000000000000000000000000000000
0000000000000000000000000000000000000000
0000000000000000000000000000000000000000
0000000000000000000010000000000000000000
0000000000000000000110000000000000000000
0000000000000000001110000000000000000000
0000000000000000011100000000000000000000
0000000000000000111100000000000000000000
0000000000000001111000000000000000000000
0000000000000011110000000000000000000000
0000000000000111100000000000000000000000
0000000000000111000000000000000000000000
0000000000001110000000000000000000000000
0000000000011100000000000000000000000000
0000000000111100000000000000000000000000
0000000000111000000000000000000000000000
0000000000111000000000000000000000000000
0000000000110000000000000000000000000000
0000000000110000000000000000000000000000
0000000001100000000000000000000000000000
0000000001110000000000000000000000000000
0000000001110000000000000111111111111000
0000000000110000000000001111111111111000
0000000000111000011100000011100001111000
0000000000111101111000000000000011110000
0000000000011111111000000000001111000000
0000000000001111111110000001111110000000
0000000000000111111111111100000000000000
0000000000000001111100000000000000000000
0000000000000000000000000000000000000000
0000000000000000000000000000000000000000
0000000000000000000000000000000000000000
0000000000000000000000000000000000000000
0000000000000000000000000000000000000000
0000000000000000000000000000000000000000
0000000000000000000000000000000000000000
0000000000000000000000000000000000000000
0000000000000000000000000000000000000000
0000000000000000000000000000000000000000
0000000000000000000000000000000000000000
