0000000000000000000000000000000000000000
0000000000000000000000000000000000000000
0000000000000011000000000000000000000000
0000000000000111000000000000000000000000
0000000000000110000000000000000000000000
0000000000000110000000000000000000000000
0000000000001110000000000000000000000000
0000000000011110000000000000000000000000
0000000000011110000000000000000000000000
0000000000011100000000000000000000000000
0000000000011100000000000000000000000000
0000000000111100000000000000000000000000
0000000000111000000000000000000000000000
0000000000111000000000000101000000000000
0000000000111000000000001111111100000000
0000000000111000000000111111111110000000
0000000001111000000001111111111111000000
0000000001111000000011111111111111000000
0000000001111000000011111111111111000000
0000000001111100000011100001111111000000
0000000001111100000111100000001111000000
0000000001111110000111100000001111000000
0000000001111111100111100000001110000000
0000000001111111111111111001111110000000
0000000000111111111111111111111100000000
0000000000111111111111111111111100000000
0000000000111111111111111111111000000000
0000000000011111111111111111000000000000
0000000000001111111111111110000000000000
0000000000000011111110000000000000000000
0000000000000000000000000000000000000000
0000000000000000000000000000000000000000
0000000000000000000000000000000000000000
0000000000000000000000000000000000000000
0000000000000000000000000000000000000000
0000000000000000000000000000000000000000
0000000000000000000000000000000000000000
0000000000000000000000000000000000000000
0000000000000000000000000000000000000000
0000000000000000000000000000000000000000
