0000000000000000000000000000000000000000
0000000000000000000000000000000000000000
0000000000000000000000000000000000000000
0000000000000000011000000000000000000000
0000000000000000111100000000000000000000
0000000000000000111100000000000000000000
0000000000000000111100000000000000000000
0000000000000000111100000000000000000000
0000000000000000111100000000000000000000
0000000000000000111100000000000000000000
0000000000000000111100000000000000000000
0000000000000000111100000000000000000000
0000000000000000111100000000000000000000
0000000000000000111100000000000000000000
0000000000000000111100000000000000000000
0000000000000001111100000000000000000000
0000000000000001111000000000000000000000
0000000000000001111000000011110000000000
0000000000000001111000000111110000000000
0000000000000001111000001111110000000000
0000000000000011111000011111110000000000
0000000000000011110000111111110000000000
0000000000000111110001111111110000000000
0000000000000111100011111111110000000000
0000000000000111100011111111100000000000
0000000000000111100111111111100000000000
0000000000000111100111111111000000000000
0000000000000011111111111110000000000000
0000000000000001111111111110000000000000
0000000000000001111111111100000000000000
0000000000000000111111100000000000000000
0000000000000000000000000000000000000000
0000000000000000000000000000000000000000
0000000000000000000000000000000000000000
0000000000000000000000000000000000000000
0000000000000000000000000000000000000000
0000000000000000000000000000000000000000
0000000000000000000000000000000000000000
0000000000000000000000000000000000000000
0000000000000000000000000000000000000000
