0000000000000000000000000000000000000000
0000000000000000000000000000000000000000
0000000000000000000000000000000000000000
0000000000000000000000000000000000000000
0000000000000000000000011000000000000000
0000000000000000000000011100000000000000
0000000000000000000000111110000000000000
0000000000000000000000111100000000000000
0000000000000000000001111000000000000000
0000000000000000000011110000000000000000
0000000000000000000111110000000000000000
0000000000000000000111100000000000000000
0000000000000000001111000000000000000000
0000000000000000011110000000000000000000
0000000000000000111100000000000000000000
0000000000000001111100000000000000000000
0000000000000001111000000000000000000000
0000000000000011110000000010000000000000
0000000000000011110000011111000000000000
0000000000000111100001111111111000000000
0000000000000111100111111101111000000000
0000000000001111001111110000111000000000
0000000000001110001110000000001000000000
0000000000000100000000000000000000000000
0000000000001100000000000000000000000000
0000000000001110010000000000000000000000
0000000000011111000000000000011000000000
0000000000011111100000000011110000000000
0000000000011111100000001111110000000000
0000000000001111110000111111000000000000
0000000000000111111111111000000000000000
0000000000000011111111110000000000000000
0000000000000001111111000000000000000000
0000000000000000000000000000000000000000
0000000000000000000000000000000000000000
0000000000000000000000000000000000000000
0000000000000000000000000000000000000000
0000000000000000000000000000000000000000
0000000000000000000000000000000000000000
0000000000000000000000000000000000000000
