0000000000000000000000000000000000000000
0000000000000000000000000000000000000000
0000000000000000000000000000000000000000
0000000000000000000000000000000000000000
0000000000000000000000111000000000000000
0000000000000000000011111000000000000000
0000000000000000000111100000000000000000
0000000000000000001111000000000000000000
0000000000000000011110000000000000000000
0000000000000000111100000000000000000000
0000000000000000111000000000000000000000
0000000000000001111000000000000000000000
0000000000000011110000000000000000000000
0000000000000011110000000000000000000000
0000000000000011111000000000000000000000
0000000000000011111111110000000000000000
0000000000000111111111111100000000000000
0000000000000011100000011110000000000000
0000000000000011100000011110000000000000
0000000000000111100000001110000000000000
0000000000000111000000000111000000000000
0000000000000011000000000111100000000000
0000000000000011000000000011100000000000
0000000000000011100000000011110000000000
0000000000000011100000000001110000000000
0000000000000011100000000001111000000000
0000000000000011110000000001111000000000
0000000000000001111100000000111000000000
0000000000000000111110000001111000000000
0000000000000000011111110011111000000000
0000000000000000000111111111110000000000
0000000000000000000011111111100000000000
0000000000000000000000111100000000000000
0000000000000000000000000000000000000000
0000000000000000000000000000000000000000
0000000000000000000000000000000000000000
0000000000000000000000000000000000000000
0000000000000000000000000000000000000000
0000000000000000000000000000000000000000
0000000000000000000000000000000000000000
