0000000000000000000000000000000000000000
0000000000000000000000000000000000000000
0000000000000000000000000000000000000000
0000000000000000000000010000000000000000
0000000000000000000000111000000000000000
0000000000000000000001111100000000000000
0000000000000000000011111000000000000000
0000000000000000000011110000000000000000
0000000000000000000111110000000000000000
0000000000000000000111100000000000000000
0000000000000000001111100000000000000000
0000000000000000011111000000000000000000
0000000000000000011110000000000000000000
0000000000000000111110000000000000000000
0000000000000000111110000000000000000000
0000000000000001111100000000000000000000
0000000000000001111100001100000000000000
0000000000000001111001111110000000000000
0000000000000011110011111110000000000000
0000000000000011110011111111000000000000
0000000000000011111111111111000000000000
0000000000000011100111100011100000000000
0000000000000111100011000011100000000000
0000000000000111100000000001100000000000
0000000000000111100000000011100000000000
0000000000000111100000000111100000000000
0000000000000111100000001111100000000000
0000000000000011110000111111000000000000
0000000000000011111111111111000000000000
0000000000000011111111111111000000000000
0000000000000001111111111110000000000000
0000000000000000000000000000000000000000
0000000000000000000000000000000000000000
0000000000000000000000000000000000000000
0000000000000000000000000000000000000000
0000000000000000000000000000000000000000
0000000000000000000000000000000000000000
0000000000000000000000000000000000000000
0000000000000000000000000000000000000000
0000000000000000000000000000000000000000
