0000000000000000000000000000000000000000
0000000000000000000000000000000000000000
0000000000000000000000000000000000000000
0000000000000000000000000000000000000000
0000000000000000000000000000000000000000
0000000000000000000000000000000000000000
0000000000000000000000000000000000000000
0000000000000000000000000000000000000000
0000000000000000000000000000000000000000
0000000000000000000000000000000000000000
0000000000000100111111111110000000000000
0000000111111111111111111111000000000000
0000011111111111111111111111000000000000
0001111111111111111111111111000000000000
0001111111000000000000111111000000000000
0001100110000000000000011111000000000000
0000000000000000000000011111000000000000
0000000000000000000000111111000000000000
0000000000000000000000111111000000000000
0000000000000000000000111111000000000000
0000000000000000000001111111000000000000
0000000000000000000001111111000000000000
0000000000000000000001111110000000000000
0000000000000000000001111110000000000000
0000000000000000000001111110000000000000
0000000000000000000001111110000000000000
0000000000000000000001111110000000000000
0000000000000000000001111110000000000000
0000000000000000000001111110000000000000
0000000000000000000001111110000000000000
0000000000000000000001111110000000000000
0000000000000000000001111110000000000000
0000000000000000000001111110000000000000
0000000000000000000001111111000000000000
0000000000000000000001111111000000000000
0000000000000000000000111111000000000000
0000000000000000000000111111000000000000
0000000000000000000000011110000000000000
0000000000000000000000001000000000000000
0000000000000000000000000000000000000000
