0000000000000000000000000000000000000000
0000000000000000000000000000000000000000
0000000000000000000000000000000000000000
0000000000000000000000000000000000000000
0000000000000000000000000000000000000000
0000000000000000000000000000000000000000
0000000000000000000000000000000000000000
0000000000000000000000000000000000000000
0000000000000000000000000000000000000000
0000000000000000000000000000000000000000
0000000000000000000000000111111000000000
0000000000001000100111111111111000000000
0000000000011111111111111111111000000000
0000000000011111111111110111110000000000
0000000000000000000000000011110000000000
0000000000000000000000000011100000000000
0000000000000000000000001111000000000000
0000000000000000000000001111000000000000
0000000000000000000000011110000000000000
0000000000000000000000011110000000000000
0000000000000000000000111100000000000000
0000000000000000000001111000000000000000
0000000000000000000001110000000000000000
0000000000000000000011100000000000000000
0000000000000000000111100000000000000000
0000000000000000001111100000000000000000
0000000000000000001110000000000000000000
0000000000000000011110000000000000000000
0000000000000000011100000000000000000000
0000000000000000111100000000000000000000
0000000000000000111000000000000000000000
0000000000000001111000000000000000000000
0000000000000011110000000000000000000000
0000000000000011100000000000000000000000
0000000000000111100000000000000000000000
0000000000000111100000000000000000000000
0000000000000111000000000000000000000000
0000000000000011000000000000000000000000
0000000000000000000000000000000000000000
0000000000000000000000000000000000000000
