0000000000000000000000000000000000000000
0000000000000000000000000000000000000000
0000000000000000000000000000000000000000
0000000000000000000000000000000000000000
0000000000000000000000000000000000000000
0000000000000000000000000000000000000000
0000000000000000000000000000000000000000
0000000000000000000000000000000000000000
0000000000000000000000000000000000000000
0000000000000000000000000000000000000000
0000000000000000001110000000000000000000
0000000000000001111111000001110000000000
0000000000000011111111100011111000000000
0000000000000111111111111111111100000000
0000000000011111111111111111111100000000
0000000000111111111001111111111100000000
0000000000111111100000011111111000000000
0000000001111110000000001111110000000000
0000000001111100000000001111100000000000
0000000001111100000000011111100000000000
0000000001110000000000111111000000000000
0000000000000000000001111110000000000000
0000000000000000000001111110000000000000
0000000000000000000011111100000000000000
0000000000000000000011111100000000000000
0000000000000000000111111000000000000000
0000000000000000001111110000000000000000
0000000000000000011111100000000000000000
0000000000000000011111100000000000000000
0000000000000000111111000000000000000000
0000000000000001111110000000000000000000
0000000000000001111100000000000000000000
0000000000000011111100000000000000000000
0000000000000111111000000000000000000000
0000000000000111110000000000000000000000
0000000000000111100000000000000000000000
0000000000000111000000000000000000000000
0000000000000111000000000000000000000000
0000000000000000000000000000000000000000
0000000000000000000000000000000000000000
