0000000000000000000000000000000000000000
0000000000000000000000000000000000000000
0000000000000000000000000000000000000000
0000000000000000000000000000000000000000
0000000000000000000000000000000000000000
0000000000000000000000000000000000000000
0000000000000000000000000000000000000000
0000000000000000000000000000000000000000
0000000000000000000000000000000000000000
0000000000000000000000000000000000000000
0000000000000000000000000000000000000000
0000000000000000000000000000000000000000
0000000000000000000000000000000000000000
0000000000000000000000000100000000000000
0000000000000000000001111111000000000000
0000000000000000001111111111100000000000
0000000001111111111111111111100000000000
0001111111111111111111101111100000000000
0011111111111111111110001111110000000000
0111111111111110000000000111100000000000
0011111100000000000000000111110000000000
0001100000000000000000000111110000000000
0000000000000000000000000111110000000000
0000000000000000000000000111110000000000
0000000000000000000000000111110000000000
0000000000000000000000000111110000000000
0000000000000000000000000111110000000000
0000000000000000000000000111110000000000
0000000000000000000000000111110000000000
0000000000000000000000000111110000000000
0000000000000000000000000111110000000000
0000000000000000000000000111110000000000
0000000000000000000000000111110000000000
0000000000000000000000001111110000000000
0000000000000000000000000000000000000000
0000000000000000000000000000000000000000
0000000000000000000000000000000000000000
0000000000000000000000000000000000000000
0000000000000000000000000000000000000000
0000000000000000000000000000000000000000
