0000000000000000000000000000000000000000
0000000000000000000000000000000000000000
0000000000000000000000000000000000000000
0000000000000000000000000000000000000000
0000000000000000000000000000000000000000
0000000000000000000000000000000000000000
0000000000000000000000000000000000000000
0000000000000000000000000000000000000000
0000000000000000000000000000000000000000
0000000000000000011100000000000000000000
0000000000000000111100000000000000000000
0000000000000001111110000000000000000000
0000000000000011111110000000000000000000
0000000000000111110011111111000000000000
0000000000011111100011111111100000000000
0000000000011110000001111111100000000000
0000000000111100000000000011110000000000
0000000000011000000000000111110000000000
0000000000000000000000000111100000000000
0000000000000000000000001111100000000000
0000000000000000000000011111000000000000
0000000000000000000000111110000000000000
0000000000000000000000111100000000000000
0000000000000000000001111000000000000000
0000000000000000000011111000000000000000
0000000000000000000011110000000000000000
0000000000000000000111100000000000000000
0000000000000000001111000000000000000000
0000000000000000011110000000000000000000
0000000000000000011110000000000000000000
0000000000000000111100000000000000000000
0000000000000000111100000000000000000000
0000000000000000111000000000000000000000
0000000000000001110000000000000000000000
0000000000000000111000000000000000000000
0000000000000000111000000000000000000000
0000000000000000010000000000000000000000
0000000000000000000000000000000000000000
0000000000000000000000000000000000000000
0000000000000000000000000000000000000000
