0000000000000000000000000000000000000000
0000000000000000000000000000000000000000
0000000000000000000000000000000000000000
0000000000000000000000000000000000000000
0000000000000000000000000000000000000000
0000000000000000000000000000000000000000
0000000000000000000000000000000000000000
0000000000000000000000000000000000000000
0000000000000000000000000000000000000000
0000000000000000000000000000000000000000
0000000000000000000000000000000000000000
0001100000000000000000000000000000000000
0001111111110000000000000000000000000000
0001111111111111111111110000000000000000
0000111111111111111111111110000000000000
0000001111111111111111111111000000000000
0000000000000000011111111111110000000000
0000000000000000000000000111111000000000
0000000000000000000000000001111000000000
0000000000000000000000000001111000000000
0000000000000000000000000001111000000000
0000000000000000000000000001111000000000
0000000000000000000000000011111000000000
0000000000000000000000000111110000000000
0000000000000000000000000111100000000000
0000000000000000000000001111100000000000
0000000000000000000000001111100000000000
0000000000000000000000001111000000000000
0000000000000000000000011110000000000000
0000000000000000000000011110000000000000
0000000000000000000000111110000000000000
0000000000000000000000111100000000000000
0000000000000000000001111100000000000000
0000000000000000000001111000000000000000
0000000000000000000001110000000000000000
0000000000000000000001110000000000000000
0000000000000000000011110000000000000000
0000000000000000000001110000000000000000
0000000000000000000001110000000000000000
0000000000000000000000010000000000000000
