0000000000000000000000000000000000000000
0000000000000000000000000000000000000000
0000000000000000000000000000000000000000
0000000000000000000000000000000000000000
0000000000000000000000000000000000000000
0000000000000000000000000000000000000000
0000000000000000000000000000000000000000
0000000000000000000000000000000000000000
0000000000000000000000000000000000000000
0000000000000000000000000000000000000000
0000000000000000000000000000000000000000
0000000000000000000000000010000000000000
0000000000000000000001101111000000000000
0000000000011111111111111111100000000000
0000000011111111111111111111000000000000
0000000011111111111111111111000000000000
0000000011111111100000001111000000000000
0000000001100000000000001110000000000000
0000000000000000000000001110000000000000
0000000000000000000000001110000000000000
0000000000000000000000001110000000000000
0000000000000000000000001110000000000000
0000000000000000000000001110000000000000
0000000000000000000000011100000000000000
0000000000000000000000011100000000000000
0000000000000000000000011100000000000000
0000000000000000000000011100000000000000
0000000000000000000000011100000000000000
0000000000000000000000111000000000000000
0000000000000000000000111000000000000000
0000000000000000000001111000000000000000
0000000000000000000001110000000000000000
0000000000000000000001110000000000000000
0000000000000000000001110000000000000000
0000000000000000000001100000000000000000
0000000000000000000011100000000000000000
0000000000000000000011100000000000000000
0000000000000000000011100000000000000000
0000000000000000000011100000000000000000
0000000000000000000011100000000000000000
