0000000000000000000000000000000000000000
0000000000000000000000000000000000000000
0000000000000000000000000000000000000000
0000000000000000000000000000000000000000
0000000000000000000000000000000000000000
0000000000000000000000000000000000000000
0000000000000000000000000111100000000000
0000000000000000000000011111110000000000
0000000000000000000001111111110000000000
0000000000000000000011111101110000000000
0000000000000000000111111111100000000000
0000000000000000001111000111000000000000
0000000000000000001111000000000000000000
0000000000000000011110000000000000000000
0000000000000000011100000000000000000000
0000000000000000011100000000000000000000
0000000000000000011100000000110000000000
0000000000000000011000000011100000000000
0000000000000000011000000111100000000000
0000000000000000111000011110000000000000
0000000000000000111101111100000000000000
0000000000000000011111110000000000000000
0000000000000000011111100000000000000000
0000000000000000011110000000000000000000
0000000000000000111110000000000000000000
0000000000000001111100000000000000000000
0000000000000011111100000000000000000000
0000000000000111111100000000000000000000
0000000000000111111100000000000000000000
0000000000001111011100000000000000000000
0000000000001110011100000000000000000000
0000000000001111111100000000000000000000
0000000000001111111100000000000000000000
0000000000001111110000000000000000000000
0000000000000000000000000000000000000000
0000000000000000000000000000000000000000
0000000000000000000000000000000000000000
0000000000000000000000000000000000000000
0000000000000000000000000000000000000000
0000000000000000000000000000000000000000
