0000000000000000000000000000000000000000
0000000000000000000000000000000000000000
0000000000000000000000000000000000000000
0000000000000000000000000000000000000000
0000000000000000000000000000000000000000
0000000000000000000000000000000000000000
0000000000000000000000000000000000000000
0000000000000000000000000000000000000000
0000000000000000000000000000000000000000
0000000000000000000000000001110000000000
0000000000000000000000001111111100011000
0000000000000000000000111111111110111000
0000000000000000000111111111111111111000
0000000000000000011111110000001111110000
0000000000000000111110000000001111100000
0000000000000011111100000001111110000000
0000000000000011111000001111111100000000
0000000000000111100000111111110000000000
0000000000000111100001111111000000000000
0000000000000111111111111100000000000000
0000000000000111111111110000000000000000
0000000000000011111111100000000000000000
0000000000000011111110000000000000000000
0000000000000111111100000000000000000000
0000000000001111111110000000000000000000
0000000000011111011110000000000000000000
0000000000111110001110000000000000000000
0000000000111000001110000000000000000000
0000000001110000001110000000000000000000
0000000001100000011110000000000000000000
0000000001100000111100000000000000000000
0000000001100001111000000000000000000000
0000000001100011110000000000000000000000
0000000001111111100000000000000000000000
0000000001111111000000000000000000000000
0000000001111100000000000000000000000000
0000000000000000000000000000000000000000
0000000000000000000000000000000000000000
0000000000000000000000000000000000000000
0000000000000000000000000000000000000000
