0000000000000000000000000000000000000000
0000000000000000000000000000000000000000
0000000000000000000000000000000000000000
0000000000000000000000000000000000000000
0000000000000000000000000000000000000000
0000000000000000000000000000000000000000
0000000000000000000000000000000000000000
0000000000000000000000111110010000000000
0000000000000000000001111111110000000000
0000000000000000000001111111110000000000
0000000000000000000011110111110000000000
0000000000000000000111100011100000000000
0000000000000000000111000011100000000000
0000000000000000000110000111000000000000
0000000000000000000110000110000000000000
0000000000000000000110001110000000000000
0000000000000000000110011100000000000000
0000000000000000000111011000000000000000
0000000000000000000111110000000000000000
0000000000000000000011100000000000000000
0000000000000000000011100000000000000000
0000000000000000000111100000000000000000
0000000000000000011111100000000000000000
0000000000000000111111100000000000000000
0000000000000001110011100000000000000000
0000000000000011100011100000000000000000
0000000000000111000001100000000000000000
0000000000001110000011100000000000000000
0000000000011100000011100000000000000000
0000000000011100000011100000000000000000
0000000000111100000111000000000000000000
0000000000111000001110000000000000000000
0000000000011100111110000000000000000000
0000000000011111111000000000000000000000
0000000000001111110000000000000000000000
0000000000000011000000000000000000000000
0000000000000000000000000000000000000000
0000000000000000000000000000000000000000
0000000000000000000000000000000000000000
0000000000000000000000000000000000000000
