0000000000000000000000000000000000000000
0000000000000000000000000000000000000000
0000000000000000000000000000000000000000
0000000000000000000000000000000000000000
0000000000000000000000000000000000000000
0000000000000000000000000000000000000000
0000000000000000000111110000000000000000
0000000000000000111111111000000000000000
0000000000000011111111111100000000000000
0000000000000111100000011100000000000000
0000000000001111000000001100000000000000
0000000000001111000000011100000000000000
0000000000001111000000011000000000000000
0000000000000111100000000000000000000000
0000000000000111111000000000000000000000
0000000000000011111000000110000000000000
0000000000000001111110001111000000000000
0000000000000000111111101111000000000000
0000000000000000011111111110000000000000
0000000000000000000111111110000000000000
0000000000000000000011111100000000000000
0000000000000000000011111100000000000000
0000000000000000000111111110000000000000
0000000000000000000111111110000000000000
0000000000000000001111011111000000000000
0000000000000000011110001111000000000000
0000000000000000111110001111000000000000
0000000000000000111100001111000000000000
0000000000000000111100001110000000000000
0000000000000000111100011110000000000000
0000000000000001111111111100000000000000
0000000000000001111111111000000000000000
0000000000000000111111110000000000000000
0000000000000000011010000000000000000000
0000000000000000000000000000000000000000
0000000000000000000000000000000000000000
0000000000000000000000000000000000000000
0000000000000000000000000000000000000000
0000000000000000000000000000000000000000
0000000000000000000000000000000000000000
