0000000000000000000000000000000000000000
0000000000000000000000000000000000000000
0000000000000000000000000000000000000000
0000000000000000000000000000000000000000
0000000000000000000000000000000000000000
0000000000000000000000000000000000000000
0000000000000000000001111000000010000000
0000000000000000001111100000001100000000
0000000000000000011111000000001100000000
0000000000000000011100000000011000000000
0000000000000000111000000000110000000000
0000000000000000110000000001110000000000
0000000000000000110000000011100000000000
0000000000000000110000000111000000000000
0000000000000000111000001110000000000000
0000000000000000111000011100000000000000
0000000000000000011100111000000000000000
0000000000000000011101110000000000000000
0000000000000000011111100000000000000000
0000000000000000011111000000000000000000
0000000000000000011110000000000000000000
0000000000000000011110000000000000000000
0000000000000000011111000000000000000000
0000000000000000100011000000000000000000
0000000000000011100011100000000000000000
0000000000000011000011100000000000000000
0000000000000111000011100000000000000000
0000000000000110000001100000000000000000
0000000000000110000001100000000000000000
0000000000001100000011100000000000000000
0000000000000100000011100000000000000000
0000000000000110000111100000000000000000
0000000000000111111111000000000000000000
0000000000000111111110000000000000000000
0000000000000000000000000000000000000000
0000000000000000000000000000000000000000
0000000000000000000000000000000000000000
0000000000000000000000000000000000000000
0000000000000000000000000000000000000000
0000000000000000000000000000000000000000
