0000000000000000000000000000000000000000
0000000000000000000000000000000000000000
0000000000000000000000000000000000000000
0000000000000000000000000000000000000000
0000000000000000000000000000000000000000
0000000000000000000000000000000000000000
0000000000000000000011110000000000000000
0000000000000000000111000000000000000000
0000000000000000011110000111000000000000
0000000000000000011100001111000000000000
0000000000000000111000000111100000000000
0000000000000001110000000111000000000000
0000000000000011100000001110000000000000
0000000000000111100000011110000000000000
0000000000000111100000011000000000000000
0000000000000111100000111000000000000000
0000000000000011000001110000000000000000
0000000000000011100011100000000000000000
0000000000000001110111100000000000000000
0000000000000000111111000000000000000000
0000000000000000011111000000000000000000
0000000000000000011111111000000000000000
0000000000000000011100011110000000000000
0000000000000000111000000011100000000000
0000000000000001110000000011100000000000
0000000000000001110000000001110000000000
0000000000000011100000000001110000000000
0000000000000011100000000011110000000000
0000000000000011100000000011100000000000
0000000000000011100000001111000000000000
0000000000000111100000011110000000000000
0000000000000011100001111100000000000000
0000000000000011111111110000000000000000
0000000000000001111111000000000000000000
0000000000000000000000000000000000000000
0000000000000000000000000000000000000000
0000000000000000000000000000000000000000
0000000000000000000000000000000000000000
0000000000000000000000000000000000000000
0000000000000000000000000000000000000000
