0000000000000000000000000000000000000000
0000000000000000000000000000000000000000
0000000000000000000000000000000000000000
0000000000000000000000000000000000000000
0000000000000000000000000000000000000000
0000000000000000000000000000000000000000
0000000000000000000000000000000000000000
0000000000000000000001111000000000000000
0000000000000000000111111100000000000000
0000000000000000001111111100000000000000
0000000000000000111111111110000000000000
0000000000000001111111111110000000000000
0000000000000011111111011110000000000000
0000000000000111111000011110000000000000
0000000000000111110000011110000000000000
0000000000001111100000011110000000000000
0000000000001111000000111100000000000000
0000000000001111110000111100000000000000
0000000000000111111101111100000000000000
0000000000000111111111111000000000000000
0000000000000001111111110000000000000000
0000000000000000011111110000000000000000
0000000000000000000111110000000000000000
0000000000000000000111111100000000000000
0000000000000000000111111100000000000000
0000000000000000001111111100000000000000
0000000000000000011111111110000000000000
0000000000000000001110011110000000000000
0000000000000000001110011110000000000000
0000000000000000011110011110000000000000
0000000000000000011110011110000000000000
0000000000000000001111111110000000000000
0000000000000000001111111110000000000000
0000000000000000000111111100000000000000
0000000000000000000111111100000000000000
0000000000000000000011111000000000000000
0000000000000000000000000000000000000000
0000000000000000000000000000000000000000
0000000000000000000000000000000000000000
0000000000000000000000000000000000000000
