0000000000000000000000000000000000000000
0000000000000000000000000000000000000000
0000000000000000000000000000000000000000
0000000000000000000000000000000000000000
0000000000000000000000000000000000000000
0000000000000000000000000000000000000000
0000000000000000000000000000000000000000
0000000000000000000000111110000000000000
0000000000000000000001111111000000000000
0000000000000000001111111111000000000000
0000000000000000011111111111000001000000
0000000000000000111111111111000011100000
0000000000000000111111111110000111110000
0000000000000000111110011110011111110000
0000000000000000111100001111111111100000
0000000000000000111100001111111111000000
0000000000000000111100011111111000000000
0000000000000000111101111111110000000000
0000000000000000111111111111100000000000
0000000000000000111111111110000000000000
0000000000000000111111111000000000000000
0000000000000000111111100000000000000000
0000000000000000111111000000000000000000
0000000000000001111111000000000000000000
0000000000000011111111000000000000000000
0000000000000011111111000000000000000000
0000000000000111111111100000000000000000
0000000000001111111111000000000000000000
0000000000011111111111000000000000000000
0000000000011111111110000000000000000000
0000000000011111111110000000000000000000
0000000000111111111100000000000000000000
0000000000111111111000000000000000000000
0000000000111111100000000000000000000000
0000000000011111000000000000000000000000
0000000000001000000000000000000000000000
0000000000000000000000000000000000000000
0000000000000000000000000000000000000000
0000000000000000000000000000000000000000
0000000000000000000000000000000000000000
