0000000000000000000000000000000000000000
0000000000000000000000000000000000000000
0000000000000000000000000000000000000000
0000000000000000000000000000000000000000
0000000000000000000000000000000000000000
0000000000000000000000000000000000000000
0000000000000000000000000000000000000000
0000000000000000011111110000000000000000
0000000000000001111111111100000000000000
0000000000000011111111111111000000000000
0000000000000111100000001111100000000000
0000000000001111000000000001110000000000
0000000000001110000000000001110000000000
0000000000000111000000000001111000000000
0000000000000111000000000001111000000000
0000000000000111000000000011110000000000
0000000000000111100000000111100000000000
0000000000000011110000011111000000000000
0000000000000001111000011110000000000000
0000000000000000111101111000000000000000
0000000000000000011111110000000000000000
0000000000000000001111100000000000000000
0000000000000000000111100000000000000000
0000000000000000001111110000000000000000
0000000000000000011111111000000000000000
0000000000000000011100011100000000000000
0000000000000000111100011110000000000000
0000000000000001110000001110000000000000
0000000000000001100000000111000000000000
0000000000000001100000000111000000000000
0000000000000001100000000110000000000000
0000000000000001111000001110000000000000
0000000000000000111100001110000000000000
0000000000000000011111111110000000000000
0000000000000000001111111100000000000000
0000000000000000000111110000000000000000
0000000000000000000000000000000000000000
0000000000000000000000000000000000000000
0000000000000000000000000000000000000000
0000000000000000000000000000000000000000
