0000000000000000000000000000000000000000
0000000000000000000000000000000000000000
0000000000000000000000000000000000000000
0000000000000000000000000000000000000000
0000000000000000000000000000000000000000
0000000000000000000000000000000000000000
0000000000000001111100000000000000000000
0000000000000111111100000000000000000000
0000000000000111110000000000000000000000
0000000000000111100000000000000000000000
0000000000001110000000000000000000000000
0000000000011110000000000000000000000000
0000000000011110000000000000000000000000
0000000000011100000000000000000000000000
0000000000001110000000111000000000000000
0000000000001111000001110000000000000000
0000000000000111100011100000000000000000
0000000000000011111111000000000000000000
0000000000000001111111000000000000000000
0000000000000000111111000000000000000000
0000000000000000011111111000000000000000
0000000000000000001111111100000000000000
0000000000000000011100111110000000000000
0000000000000000011100001110000000000000
0000000000000000011100000111000000000000
0000000000000000011100000111000000000000
0000000000000000001100000111100000000000
0000000000000000011100000011000000000000
0000000000000000001100000111000000000000
0000000000000000001110000111000000000000
0000000000000000000111001110000000000000
0000000000000000000111111110000000000000
0000000000000000000011111110000000000000
0000000000000000000001111100000000000000
0000000000000000000000000000000000000000
0000000000000000000000000000000000000000
0000000000000000000000000000000000000000
0000000000000000000000000000000000000000
0000000000000000000000000000000000000000
0000000000000000000000000000000000000000
