0000000000000000000000000000000000000000
0000000000000000000000000000000000000000
0000000000000000000000000000000000000000
0000000000000000000000000000000000000000
0000000000000000000000000000000000000000
0000000000000000000000000000000000000000
0000000000000000000000000000000000000000
0000000000000000000000000000000000000000
0000000000000000000000000000000000000000
0000000000000000000000001111111000000000
0000000000000000111111111111111100000000
0000000000000001111111111111111110000000
0000000000000011111111111111101110000000
0000000000000111111000000011000110000000
0000000000000111100000000000001110000000
0000000000000111100000000000001110000000
0000000000000011100000000000011110000000
0000000000000011110000000000111100000000
0000000000000011110000000001111000000000
0000000000000011111000000111110000000000
0000000000000000111111111111000000000000
0000000000000000111111111100000000000000
0000000000000000111111111000000000000000
0000000000000000111111110000000000000000
0000000000000001110011110000000000000000
0000000000000001100001111000000000000000
0000000000000011100000111000000000000000
0000000000000011100000111000000000000000
0000000000000011000001111000000000000000
0000000000000111000011110000000000000000
0000000000001111000011100000000000000000
0000000000001110000111100000000000000000
0000000000001110001111000000000000000000
0000000000001111111110000000000000000000
0000000000001111111100000000000000000000
0000000000001111111000000000000000000000
0000000000001111100000000000000000000000
0000000000000000000000000000000000000000
0000000000000000000000000000000000000000
0000000000000000000000000000000000000000
