0000000000000000000000000000000000000000
0000000000000000000000000000000000000000
0000000000000000000000000000000000000000
0000000000000000000000000000000000000000
0000000000000000000000000000000000000000
0000000000000000000000000000000000000000
0000000000000000000001111000000000000000
0000000000000000000111111100000000000000
0000000000000000011111111000000000000000
0000000000000000111111000000000000000000
0000000000000000111100000000000000000000
0000000000000000111100000000000000000000
0000000000000001111000000000000000000000
0000000000000001110000000000000000000000
0000000000000001110000000000000111111000
0000000000000001111000000001111111111100
0000000000000001111000011111111111111100
0000000000000000111100111111111000000000
0000000000000000011111111111000000000000
0000000000000000011111111000000000000000
0000000000000000011111100000000000000000
0000000000000000111111110000000000000000
0000000000000001111111110000000000000000
0000000000000111110011110000000000000000
0000000000001111100001110000000000000000
0000000000011111000001110000000000000000
0000000000111110000001110000000000000000
0000000000111100000001111000000000000000
0000000000111100000001110000000000000000
0000000000111100000111110000000000000000
0000000000011111111111100000000000000000
0000000000001111111111000000000000000000
0000000000000111100000000000000000000000
0000000000000000000000000000000000000000
0000000000000000000000000000000000000000
0000000000000000000000000000000000000000
0000000000000000000000000000000000000000
0000000000000000000000000000000000000000
0000000000000000000000000000000000000000
0000000000000000000000000000000000000000
