0000000000000000000000000000000000000000
0000000000000000000000000000000000000000
0000000000000000000000000000000000000000
0000000000000000000000000000000000000000
0000000000000000000000000000000000000000
0000000000000000000000000000000000000000
0000000000000000000001111110000000000000
0000000000000000001111111110000000000000
0000000000000000011111111110000000000000
0000000000000000111111111111000000000000
0000000000000001111111011111000000000000
0000000000000011111110001111000000000000
0000000000000011111110001110000000000000
0000000000000011111000001111000000000000
0000000000000011111000011110000000000000
0000000000000011111000011110000000000000
0000000000000001111100111110000000000000
0000000000000000111111111100000000000000
0000000000000000011111111100000000000000
0000000000000000011111111100000000000000
0000000000000000001111111000000000000000
0000000000000000001111111100000000000000
0000000000000000111111111100000000000000
0000000000000001111111111110000000000000
0000000000000111111100011110000000000000
0000000000000111111000011111000000000000
0000000000001111110000001110000000000000
0000000000001111000000001111000000000000
0000000000001111000000011111000000000000
0000000000001110000001111110000000000000
0000000000001111111111111100000000000000
0000000000001111111111111000000000000000
0000000000000111111111110000000000000000
0000000000000011111110000000000000000000
0000000000000000000000000000000000000000
0000000000000000000000000000000000000000
0000000000000000000000000000000000000000
0000000000000000000000000000000000000000
0000000000000000000000000000000000000000
0000000000000000000000000000000000000000
