0000000000000000000000000000000000000000
0000000000000000000000000000000000000000
0000000000000000000000000000000000000000
0000000000000000000000000000000000000000
0000000000000000000000000000000000000000
0000000000000000000000000000000000000000
0000000000000000000000011111000000000000
0000000000000000000111111111000000000000
0000000000000000011111110111100000000000
0000000000000000011111000011100000000000
0000000000000000011100000011100000000000
0000000000000000011100000011100000000000
0000000000000000011100000111000000000000
0000000000000000011100001110000000000000
0000000000000000001111011110000000000000
0000000000000000000111111000000000000000
0000000000000000000111110000000000000000
0000000000000000000111110000000000000000
0000000000000000000111110000000000000000
0000000000000000001111111000000000000000
0000000000000000111100011100000000000000
0000000000000001111100011100000000000000
0000000000000011111000011100000000000000
0000000000000111100000011100000000000000
0000000000000111000000011100000000000000
0000000000001111000000011100000000000000
0000000000011110000000011000000000000000
0000000000111100000000111000000000000000
0000000000111100000001110000000000000000
0000000000111000000011110000000000000000
0000000000111000000111100000000000000000
0000000000011100011111000000000000000000
0000000000011111111100000000000000000000
0000000000000111110000000000000000000000
0000000000000000000000000000000000000000
0000000000000000000000000000000000000000
0000000000000000000000000000000000000000
0000000000000000000000000000000000000000
0000000000000000000000000000000000000000
0000000000000000000000000000000000000000
