0000000000000000000000000000000000000000
0000000000000000000000000000000000000000
0000000000000000000000000000000000000000
0000000000000000000000000000000000000000
0000000000000000000000000000000000000000
0000000000000000000000000000000000000000
0000000000000000000000000000000000000000
0000000000000000000000000000000000000000
0000000000000000000000000000000000000000
0000000000000000000000000000000000000000
0000000000000000000000000011111000010000
0000000000000000000000011111111000111000
0000000000000000000000111100011001110000
0000000000000000000011110000000011110000
0000000000000000000111100000000111100000
0000000000000000001111000000011111000000
0000000000000000011100000001111100000000
0000000000000000011000000011110000000000
0000000000000000111000001111000000000000
0000000000000000111001111110000000000000
0000000000000000111011111000000000000000
0000000000000000111111100000000000000000
0000000000000000111110000000000000000000
0000000000000001111000000000000000000000
0000000000000111111000000000000000000000
0000000000001111111000000000000000000000
0000000000011110011100000000000000000000
0000000000111000011100000000000000000000
0000000001110000011000000000000000000000
0000000001110000111000000000000000000000
0000000001111111111000000000000000000000
0000000000111111110000000000000000000000
0000000000111000000000000000000000000000
0000000000000000000000000000000000000000
0000000000000000000000000000000000000000
0000000000000000000000000000000000000000
0000000000000000000000000000000000000000
0000000000000000000000000000000000000000
0000000000000000000000000000000000000000
0000000000000000000000000000000000000000
