0000000000000000000000000000000000000000
0000000000000000000000000000000000000000
0000000000000000000000000000000000000000
0000000000000000000000000000000000000000
0000000000000000000000000000000000000000
0000000000000000000000000000000000000000
0000000000000000000011111110000000000000
0000000000000000001111111111000000000000
0000000000000000011110000111000000000000
0000000000000000011000000011100000000000
0000000000000000111000000011100000000000
0000000000000000110000000001100000000000
0000000000000000110000000001100000000000
0000000000000001100000000001100000000000
0000000000000001100000000001100000000000
0000000000000000110000000011000000000000
0000000000000000110000000011000000000000
0000000000000000111000000011100000000000
0000000000000000011100000011100000000000
0000000000000000011110000111000000000000
0000000000000000001111011110000000000000
0000000000000000000111111000000000000000
0000000000000000000011110000000000000000
0000000000000000000011110000000000000000
0000000000000000001111111000000000000000
0000000000000000011110011000000000000000
0000000000000000011000011100000000000000
0000000000000000110000011100000000000000
0000000000000001110000011100000000000000
0000000000000011100000011000000000000000
0000000000000011000001110000000000000000
0000000000000111000011100000000000000000
0000000000000111001111100000000000000000
0000000000000111111100000000000000000000
0000000000000000000000000000000000000000
0000000000000000000000000000000000000000
0000000000000000000000000000000000000000
0000000000000000000000000000000000000000
0000000000000000000000000000000000000000
0000000000000000000000000000000000000000
