0000000000000000000000000000000000000000
0000000000000000000000000000000000000000
0000000000000000000000000000000000000000
0000000000000000000000000000000000000000
0000000000000000000000000000000000000000
0000000000000000000000000000000000000000
0000000000000000000111000000000000000000
0000000000000001111111111010000000000000
0000000000000011111111111111100000000000
0000000000000011111111111111110000000000
0000000000000111111111001111110000000000
0000000000000111111100000011110000000000
0000000000000011111000000111110000000000
0000000000000011110000001111110000000000
0000000000000001111000011111110000000000
0000000000000000111100111111110000000000
0000000000000000011111111111110000000000
0000000000000000000111111111100000000000
0000000000000000000111111111000000000000
0000000000000000001111111111000000000000
0000000000000000001111111110000000000000
0000000000000000111111111110000000000000
0000000000000000111111111111000000000000
0000000000000001111111111111000000000000
0000000000000011111111111111000000000000
0000000000000011111111111111000000000000
0000000000000111111111111111000000000000
0000000000000111111111111110000000000000
0000000000001111111111111100000000000000
0000000000001111111111111100000000000000
0000000000000111111111111000000000000000
0000000000000111111111110000000000000000
0000000000000011111111100000000000000000
0000000000000001111110000000000000000000
0000000000000000000000000000000000000000
0000000000000000000000000000000000000000
0000000000000000000000000000000000000000
0000000000000000000000000000000000000000
0000000000000000000000000000000000000000
0000000000000000000000000000000000000000
