0000000000000000000000000000000000000000
0000000000000000000000000000000000000000
0000000000000000000000000000000000000000
0000000000000000000000000000000000000000
0000000000000000000000000000000000000000
0000000000000000000000000000000000000000
0000000000000000000000000000000000000000
0000000000000000000000011110000000000000
0000000000000000000000111110000000000000
0000000000000000000011111110000000000000
0000000000000000000011111100000000000000
0000000000000000000111001110000000000000
0000000000000000001110000110000000000000
0000000000000000001100000110000000000000
0000000000000000011100000110000000000000
0000000000000000011100001110000000000000
0000000000000000011110001110000000000000
0000000000000000011100011100000000000000
0000000000000000011000111100000000000000
0000000000000000011001111000000000000000
0000000000000000011011100000000000000000
0000000000000000011111000000000000000000
0000000000000000011110000000000000000000
0000000000000000011110000000000000000000
0000000000000000111100000000000000000000
0000000000000001111110000000000000000000
0000000000000011110011000000000000000000
0000000000000111100011000000000000000000
0000000000000111100011100000000000000000
0000000000000111000011100000000000000000
0000000000000110000011100000000000000000
0000000000000111000111100000000000000000
0000000000000011001111000000000000000000
0000000000000011111110000000000000000000
0000000000000001111100000000000000000000
0000000000000000110000000000000000000000
0000000000000000000000000000000000000000
0000000000000000000000000000000000000000
0000000000000000000000000000000000000000
0000000000000000000000000000000000000000
