0000000000000000000000000000000000000000
0000000000000000000000000000000000000000
0000000000000000000000000000000000000000
0000000000000000000000000000000000000000
0000000000000000000000000000000000000000
0000000000000000000000000000000000000000
0000000000000000000000000000000000000000
0000000000000000111111111111000000000000
0000000000000001111111111111100000000000
0000000000000001111111111111110000000000
0000000000000000111110011101110000000000
0000000000000000011100000000111000000000
0000000000000000001110000000111000000000
0000000000000000001110000011111000000000
0000000000000000001111000111111000000000
0000000000000000000111111111110000000000
0000000000000000000111111111000000000000
0000000000000000000111111100000000000000
0000000000000000001111111000000000000000
0000000000000000011111110000000000000000
0000000000000000111111110000000000000000
0000000000000001111111110000000000000000
0000000000000011111001110000000000000000
0000000000001111110001110000000000000000
0000000000011111000001110000000000000000
0000000000111111000001110000000000000000
0000000000111110000001110000000000000000
0000000001111000000001110000000000000000
0000000001111000000001110000000000000000
0000000001110000000011110000000000000000
0000000001110000000011100000000000000000
0000000001110000000011100000000000000000
0000000001110000000111100000000000000000
0000000001110000001111100000000000000000
0000000000111000011110000000000000000000
0000000000111000011100000000000000000000
0000000000000000000000000000000000000000
0000000000000000000000000000000000000000
0000000000000000000000000000000000000000
0000000000000000000000000000000000000000
