0000000000000000000000000000000000000000
0000000000000000000000000000000000000000
0000000000000000000000000000000000000000
0000000000000000000000000000000000000000
0000000000000000000000000000000000000000
0000000000000000000000000000000000000000
0000000000000000000000000000000000000000
0000000000000000000000011111111000000000
0000000000000000000001111111111100000000
0000000000000000000111111111111100000000
0000000000000000011111101100111100000000
0000000000000000111110000000011100000000
0000000000000001111100000000111100000000
0000000000000011110000000001111100000000
0000000000000111100000000001111000000000
0000000000001111100000000011110000000000
0000000000000111000000001111110000000000
0000000000000111100000011111100000000000
0000000000000111110000111111100000000000
0000000000000111111111111111000000000000
0000000000000011111111111110000000000000
0000000000000011111111111000000000000000
0000000000000001111111100000000000000000
0000000000000000111111000000000000000000
0000000000000000111110000000000000000000
0000000000000001111110000000000000000000
0000000000000011111110000000000000000000
0000000000000111111110000000000000000000
0000000000000111111110000000000000000000
0000000000001111011110000000000000000000
0000000000001111001111000000000000000000
0000000000001110001111000000000000000000
0000000000001110001111000000000000000000
0000000000011110001111000000000000000000
0000000000011111011110000000000000000000
0000000000001110001110000000000000000000
0000000000000000000000000000000000000000
0000000000000000000000000000000000000000
0000000000000000000000000000000000000000
0000000000000000000000000000000000000000
