0000000000000000000000000000000000000000
0000000000000000000000000000000000000000
0000000000000000000000000000000000000000
0000000000000000000000000000000000000000
0000000000000000000000000000000000000000
0000000000000000000000000000000000000000
0000000000000000000000000000000000000000
0000000000000000000000000111110000000000
0000000000000000000000011111111000000000
0000000000000000000000111110011000000000
0000000000000000000001110000001000000000
0000000000000000000011110001111000000000
0000000000000000000011100011111000000000
0000000000000000000111001110000000000000
0000000000000000000111111110000000000000
0000000000000000000111111000000000000000
0000000000000000000111110000000000000000
0000000000000000000111100000000000000000
0000000000000000000111100000000000000000
0000000000000000001111000000000000000000
0000000000000000011111000000000000000000
0000000000000000111111100000000000000000
0000000000000001110011100000000000000000
0000000000000011100001100000000000000000
0000000000000011000001110000000000000000
0000000000000111000001110000000000000000
0000000000000100000001100000000000000000
0000000000001100000001100000000000000000
0000000000011100000001100000000000000000
0000000000011000000011100000000000000000
0000000000011000000111100000000000000000
0000000000011000001111000000000000000000
0000000000011000011100000000000000000000
0000000000011011111000000000000000000000
0000000000011111110000000000000000000000
0000000000001111000000000000000000000000
0000000000000000000000000000000000000000
0000000000000000000000000000000000000000
0000000000000000000000000000000000000000
0000000000000000000000000000000000000000
