0000000000000000000000000000000000000000
0000000000000000000000000000000000000000
0000000000000000000000000000000000000000
0000000000000000000000000000000000000000
0000000000000000000000000000000000000000
0000000000000000000000000000000000000000
0000000000000000000000000111110000000000
0000000000000000000000111111110000000000
0000000000000000000001111111111100000000
0000000000000000001111111111111111000000
0000000000000000011111110000011111000000
0000000000000000111111100000011111000000
0000000000000000111111000000011111000000
0000000000000000111100000001111110000000
0000000000000000111100000111111100000000
0000000000000000111100001111111000000000
0000000000000000111101111111100000000000
0000000000000000111111111110000000000000
0000000000000000011111111000000000000000
0000000000000000111111110000000000000000
0000000000000011111111110000000000000000
0000000000000111111111110000000000000000
0000000000001111111111111000000000000000
0000000000111111100011110000000000000000
0000000000111111000011110000000000000000
0000000000111110000001111000000000000000
0000000001111100000011111000000000000000
0000000001111100000011111000000000000000
0000000001111100000111110000000000000000
0000000001111110011111110000000000000000
0000000001111111111111110000000000000000
0000000000111111111111100000000000000000
0000000000011111111110000000000000000000
0000000000000111111000000000000000000000
0000000000000000000000000000000000000000
0000000000000000000000000000000000000000
0000000000000000000000000000000000000000
0000000000000000000000000000000000000000
0000000000000000000000000000000000000000
0000000000000000000000000000000000000000
