0000000000000000000000000000000000000000
0000000000000000000000000000000000000000
0000000000000000000000000000000000000000
0000000000000000000000000000000000000000
0000000000000000000000000000000000000000
0000000000000000000000000000000000000000
0000000000000000000000000000000000000000
0000000000000000000000000000000000000000
0000000000000000000000000000000000000000
0000000000000011111110000000000000000000
0000000000000111111110000000000000000000
0000000000001111111111000000000000000000
0000000000011111111111100000000000000000
0000000001111111100011110000000000000000
0000000001111111000011111000000000000000
0000000011111110000001111100010000000000
0000000011111000000000111111111110000000
0000000011111000000000011111111110000000
0000000011111000000000011111111110000000
0000000011110000000000011111111110000000
0000000011110000000001111111111110000000
0000000011100000000011111100111111000000
0000000111100000000011111000011111000000
0000000111110000011111110000001110000000
0000000011111111111111100000001111000000
0000000011111111111111000000001111000000
0000000011111111110000000000001111000000
0000000011111101100000000000001111000000
0000000001111000000000000000001111000000
0000000000010000000000000000001111000000
0000000000000000000000000000000111100000
0000000000000000000000000000000111100000
0000000000000000000000000000000111110000
0000000000000000000000000000000111110000
0000000000000000000000000000000111100000
0000000000000000000000000000000111100000
0000000000000000000000000000000011000000
0000000000000000000000000000000000000000
0000000000000000000000000000000000000000
0000000000000000000000000000000000000000
