0000000000000000000000000000000000000000
0000000000000000000000000000000000000000
0000000000000000000000000000000000000000
0000000000000000000000000000000000000000
0000000000000000000000000000000000000000
0000000000000000000000000000000000000000
0000000000000000000000000000000000000000
0000000000000000000000000000000000000000
0000000000000000000000000000000000000000
0000000000000000000011111000000000000000
0000000000000000000111111100000000000000
0000000000000000011111111100000000000000
0000000000000000011100011110000000000000
0000000000000000110000011110000000000000
0000000000000001100000011110000000000000
0000000000000011000000111110000000000000
0000000000000111000001111110000000000000
0000000000000110000001111110000000000000
0000000000001110000011111100000000000000
0000000000001110001111111100000000000000
0000000000011111111111111100000000000000
0000000000001111111111111100000000000000
0000000000000111111000111100000000000000
0000000000000111100001111000000000000000
0000000000000000000001111000000000000000
0000000000000000000001110000000000000000
0000000000000000000011110000000000000000
0000000000000000000011110000000000000000
0000000000000000000011110000000000000000
0000000000000000000011110000000000000000
0000000000000000000011110000000000000000
0000000000000000000011110000000000000000
0000000000000000000011100000000000000000
0000000000000000000011100000000000000000
0000000000000000000011110000000000000000
0000000000000000000011110000000000000000
0000000000000000000001110000000000000000
0000000000000000000000000000000000000000
0000000000000000000000000000000000000000
0000000000000000000000000000000000000000
