0000000000000000000000000000000000000000
0000000000000000000000000000000000000000
0000000000000000000000000000000000000000
0000000000000000000000000000000000000000
0000000000000000000000000000000000000000
0000000000000000000000000000000000000000
0000000000000000000000000000000000000000
0000000000000000000000000000000000000000
0000000000000000000000000000000000000000
0000000000000000000000000011000000000000
0000000000000000000000000111100000000000
0000000000000000001100001111100000000000
0000000000000000011111111111110000000000
0000000000000111111111111101100000000000
0000000000011111100000111101100000000000
0000000000111110000000011111100000000000
0000000000111000000000011111000000000000
0000000001110000000000011111000000000000
0000000011100000000000011110000000000000
0000000011100000000000011110000000000000
0000000011000000000000011110000000000000
0000000011000000000000011100000000000000
0000000011000000000000111100000000000000
0000000011000000000011111100000000000000
0000000011100000000111111100000000000000
0000000001110000011111101110000000000000
0000000000111111111100001110000000000000
0000000000011111110000001110000000000000
0000000000000111000000001110000000000000
0000000000000000000000001110000000000000
0000000000000000000000001111000000000000
0000000000000000000000000111000000000000
0000000000000000000000000111000000000000
0000000000000000000000000011000000000000
0000000000000000000000000011100000000000
0000000000000000000000000011100000000000
0000000000000000000000000001110000000000
0000000000000000000000000000000000000000
0000000000000000000000000000000000000000
0000000000000000000000000000000000000000
