0000000000000000000000000000000000000000
0000000000000000000000000000000000000000
0000000000000000000000000000000000000000
0000000000000000000000000000000000000000
0000000000000000000000000000000000000000
0000000000000000000000000000000000000000
0000000000000000000000000000000000000000
0000000000000000000000000000000000000000
0000000000000000000000000000000000000000
0000000000000000000000000000000000000000
0000000000000000000000001110000000000000
0000000000000000000011111111000000000000
0000000000000000000111111111100000000000
0000000000000000011111000011110000000000
0000000000000000011110000111110000000000
0000000000000000111000001111100000000000
0000000000000000110000001111000000000000
0000000000000011100000011110000000000000
0000000000000011100000011110000000000000
0000000000000011100000111100000000000000
0000000000000011111111110000000000000000
0000000000000001111111100000000000000000
0000000000000000111111100000000000000000
0000000000000000001111000000000000000000
0000000000000000001110000000000000000000
0000000000000000001110000000000000000000
0000000000000000011100000000000000000000
0000000000000000011100000000000000000000
0000000000000000111000000000000000000000
0000000000000000111000000000000000000000
0000000000000000110000000000000000000000
0000000000000001110000000000000000000000
0000000000000011100000000000000000000000
0000000000000011100000000000000000000000
0000000000000111100000000000000000000000
0000000000000111100000000000000000000000
0000000000000111000000000000000000000000
0000000000000111000000000000000000000000
0000000000000000000000000000000000000000
0000000000000000000000000000000000000000
