0000000000000000000000000000000000000000
0000000000000000000000000000000000000000
0000000000000000000000000000000000000000
0000000000000000000000000000000000000000
0000000000000000000000000000000000000000
0000000000000000000000000000000000000000
0000000000000000000000000000000000000000
0000000000000000000000000000000000000000
0000000000000000000000000000000000000000
0000000000000000000000000000000000000000
0000000000000000000111111000000000000000
0000000000000000011111111100000000000000
0000000000000000111100001100000000000000
0000000000000001110000001100000000000000
0000000000000011100000001111000000000000
0000000000000111000000001111000000000000
0000000000000110000000001111000000000000
0000000000001110000000001111000000000000
0000000000001100000000011110000000000000
0000000000001100000000111110000000000000
0000000000001100000001111100000000000000
0000000000001110000111111100000000000000
0000000000000111101111111000000000000000
0000000000000011111100110000000000000000
0000000000000000110001110000000000000000
0000000000000000000001100000000000000000
0000000000000000000011100000000000000000
0000000000000000000011000000000000000000
0000000000000000000111000000000000000000
0000000000000000000110000000000000000000
0000000000000000001100000000000000000000
0000000000000000001100000000000000000000
0000000000000000011100000000000000000000
0000000000000000011000000000000000000000
0000000000000000011000000000000000000000
0000000000000000011000000000000000000000
0000000000000000011000000000000000000000
0000000000000000011000000000000000000000
0000000000000000000000000000000000000000
0000000000000000000000000000000000000000
