0000000000000000000000000000000000000000
0000000000000000000000000000000000000000
0000000000000000000000000000000000000000
0000000000000000000000000000000000000000
0000000000000000000000000000000000000000
0000000000000000000000000000000000000000
0000000000000000000000000000000000000000
0000000000000000000000000000000000000000
0000000000000000000000000000000000000000
0000000000000000000001110000000000000000
0000000000000000000011110000000000000000
0000000000000000000110011000000000000000
0000000000000000001100011000000000000000
0000000000000000011000001000000000000000
0000000000000000110000011000000000000000
0000000000000000110000011000000000000000
0000000000000001100000010000000000000000
0000000000000001100000111000000000000000
0000000000000011000001111000000000000000
0000000000000011000001111000000000000000
0000000000000011000111110000000000000000
0000000000000011111111110000000000000000
0000000000000001111101110000000000000000
0000000000000000000001100000000000000000
0000000000000000000001100000000000000000
0000000000000000000011000000000000000000
0000000000000000000011000000000000000000
0000000000000000000011000000000000000000
0000000000000000000110000000000000000000
0000000000000000000110000000000000000000
0000000000000000001110000000000000000000
0000000000000000001100000000000000000000
0000000000000000001100000000000000000000
0000000000000000001100000000000000000000
0000000000000000011100000000000000000000
0000000000000000011000000000000000000000
0000000000000000011000000000000000000000
0000000000000000000000000000000000000000
0000000000000000000000000000000000000000
0000000000000000000000000000000000000000
