0000000000000000000000000000000000000000
0000000000000000000000000000000000000000
0000000000000000000000000000000000000000
0000000000000000000000000000000000000000
0000000000000000000000000000000000000000
0000000000000000000000000000000000000000
0000000000000000000000000000000000000000
0000000000000000000000000000000000000000
0000000000000000000000000000000000000000
0000000000000000000000000000000000000000
0000000000000000011111110000000000000000
0000000000000001111111111100000000000000
0000000000000011111111111100000000000000
0000000000000111111101111110000000000000
0000000000001111100000011110000000000000
0000000000011111000000011110000000000000
0000000000011110000000011111000000000000
0000000000011100000011111111000000000000
0000000000011100011111111111100000000000
0000000000011100111111111111100000000000
0000000000011111111111111111100000000000
0000000000011111111111111111100000000000
0000000000001111111111111111000000000000
0000000000000111111111111110000000000000
0000000000000011111111111110000000000000
0000000000000000111001111110000000000000
0000000000000000000000111100000000000000
0000000000000000000000111100000000000000
0000000000000000000000111100000000000000
0000000000000000000001111100000000000000
0000000000000000000001111000000000000000
0000000000000000000001111000000000000000
0000000000000000000001111000000000000000
0000000000000000000011110000000000000000
0000000000000000000011110000000000000000
0000000000000000000011110000000000000000
0000000000000000000011110000000000000000
0000000000000000000011110000000000000000
0000000000000000000001000000000000000000
0000000000000000000000000000000000000000
