0000000000000000000000000000000000000000
0000000000000000000000000000000000000000
0000000000000000000000000000000000000000
0000000000000000000000000000000000000000
0000000000000000000000000000000000000000
0000000000000000000000000000000000000000
0000000000000000000000000000000000000000
0000000000000000000000000000000000000000
0000000000000000000000000000000000000000
0000000000000000000011111110000000000000
0000000000000000001111111110000000000000
0000000000000000111111001110000000000000
0000000000000001111100000110000000000000
0000000000000011110000000110000000000000
0000000000000111000000000010000000000000
0000000000001111000000000011000000000000
0000000000011110000000000111000000000000
0000000000011100000000001111000000000000
0000000000111000000000011110000000000000
0000000000111000000000111110000000000000
0000000001110000000011111110000000000000
0000000001110000001111111100000000000000
0000000001110000111110001100000000000000
0000000000111111111100001110000000000000
0000000000111111100000001100000000000000
0000000000001100000000011100000000000000
0000000000000000000000011100000000000000
0000000000000000000000011100000000000000
0000000000000000000000011100000000000000
0000000000000000000000011100000000000000
0000000000000000000000011100000000000000
0000000000000000000000011100000000000000
0000000000000000000000011100000000000000
0000000000000000000000011100000000000000
0000000000000000000000011100000000000000
0000000000000000000000011110000000000000
0000000000000000000000001110000000000000
0000000000000000000000000000000000000000
0000000000000000000000000000000000000000
0000000000000000000000000000000000000000
