0000000000000000000000000000000000000000
0000000000000000000000000000000000000000
0000000000000000000000000000000000000000
0000000000000000000000000000000000000000
0000000000000000000000000000000000000000
0000000000000000000000000000000000000000
0000000000000000000000000000000000000000
0000000000000000000000000000000000000000
0000000000000000000000000000000000000000
0000000000000000000000000000000000000000
0000000000000000000000001111000000000000
0000000000000000000001111111100000000000
0000000000000000000111111111100000000000
0000000000000000011111000001100000000000
0000000000000001111100000011000000000000
0000000000000011111000001111000000000000
0000000000000011110000111111000000000000
0000000000000111000011111110000000000000
0000000000000111000111111110000000000000
0000000000000111111111011100000000000000
0000000000000011111100011100000000000000
0000000000000001100000111000000000000000
0000000000000000000001110000000000000000
0000000000000000000011110000000000000000
0000000000000000000011100000000000000000
0000000000000000000111100000000000000000
0000000000000000000111000000000000000000
0000000000000000001110000000000000000000
0000000000000000001110000000000000000000
0000000000000000011100000000000000000000
0000000000000000111100000000000000000000
0000000000000000111000000000000000000000
0000000000000001111000000000000000000000
0000000000000001111000000000000000000000
0000000000000011111000000000000000000000
0000000000000011110000000000000000000000
0000000000000011100000000000000000000000
0000000000000011000000000000000000000000
0000000000000000000000000000000000000000
0000000000000000000000000000000000000000
