0000000000000000000000000000000000000000
0000000000000000000000000000000000000000
0000000000000000000000000000000000000000
0000000000000000000000000000000000000000
0000000000000000000000000000000000000000
0000000000000000000000000000000000000000
0000000000000000000000000000000000000000
0000000000000000000000000000000000000000
0000000000000000000000000000000000000000
0000000000000000000000111111000000000000
0000000000000000000011111111100000000000
0000000000000000001111111111110000000000
0000000000000000011111111111110000000000
0000000000000000111110000011110000000000
0000000000000011111000000011100000000000
0000000000000011110000000011100000000000
0000000000000111100000000111110000000000
0000000000001111000000000111110000000000
0000000000001111000000000111110000000000
0000000000011110000000001111110000000000
0000000000111110000000011111000000000000
0000000000111100000011111111000000000000
0000000000111100001111111110000000000000
0000000000111111111111111110000000000000
0000000000011111111111111100000000000000
0000000000001111111101111100000000000000
0000000000000000000001111000000000000000
0000000000000000000001111000000000000000
0000000000000000000011110000000000000000
0000000000000000000011110000000000000000
0000000000000000000111100000000000000000
0000000000000000001111100000000000000000
0000000000000000001111000000000000000000
0000000000000000111111000000000000000000
0000000000000000111110000000000000000000
0000000000000000111110000000000000000000
0000000000000000011100000000000000000000
0000000000000000000000000000000000000000
0000000000000000000000000000000000000000
0000000000000000000000000000000000000000
