0000000000000000000000000000000000000000
0000000000000000000000000000000000000000
0000000000000000000000000000000000000000
0000000000000000000000000000000000000000
0000000000000000000000000000000000000000
0000000000000000000000000000000000000000
0000000000000000000000000000000000000000
0000000000000000000000000000000000000000
0000000000000000000000000000000000000000
0000000000000000001111110000000000000000
0000000000000000111111111100000000000000
0000000000000001110000011110000000000000
0000000000000011100000001110000000000000
0000000000000111000000001110000000000000
0000000000001111000000001111000000000000
0000000000001110000000001111100000000000
0000000000001110000000000111100000000000
0000000000001100000000000111000000000000
0000000000011100000000001111000000000000
0000000000011100000000011111000000000000
0000000000011100000000111110000000000000
0000000000011100000011111110000000000000
0000000000011110000111111110000000000000
0000000000001111011110011110000000000000
0000000000000111111100011110000000000000
0000000000000011111000011100000000000000
0000000000000000000000011100000000000000
0000000000000000000000011100000000000000
0000000000000000000000111100000000000000
0000000000000000000000111100000000000000
0000000000000000000000111000000000000000
0000000000000000000000111000000000000000
0000000000000000000000111000000000000000
0000000000000000000000110000000000000000
0000000000000000000001110000000000000000
0000000000000000000001110000000000000000
0000000000000000000000100000000000000000
0000000000000000000000000000000000000000
0000000000000000000000000000000000000000
0000000000000000000000000000000000000000
