0000000000000000000000000000000000000000
0000000000000000000000000000000000000000
0000000000000000000000000000000000000000
0000000000000000000000000000000000000000
0000000000000000000000000000000000000000
0000000000000000000000000000000000000000
0000000000000000000000000000000000000000
0000000000000000000000000000000000000000
0000000000000000000000000000000000000000
0000000000000000001111000000000000000000
0000000000000000111111000000000000000000
0000000000000000111111100000000000000000
0000000000000001111111100000000000000000
0000000000000011100011111000000000000000
0000000000000011100011111100000000000000
0000000000000111100011111100000000000000
0000000000000111000011111100000000000000
0000000000000111000111111110000000000000
0000000000001111000111111110000000000000
0000000000001111001110011110000000000000
0000000000001111001110011110000000000000
0000000000001111011110011110000000000000
0000000000001111111100011110000000000000
0000000000001111111000001110000000000000
0000000000001111111000001110000000000000
0000000000001111110000001110000000000000
0000000000000111100000000111000000000000
0000000000000000000000000111000000000000
0000000000000000000000000111100000000000
0000000000000000000000000111100000000000
0000000000000000000000000111100000000000
0000000000000000000000000011110000000000
0000000000000000000000000001110000000000
0000000000000000000000000001110000000000
0000000000000000000000000001110000000000
0000000000000000000000000001110000000000
0000000000000000000000000000110000000000
0000000000000000000000000000000000000000
0000000000000000000000000000000000000000
0000000000000000000000000000000000000000
