0000000000000000000000000000000000000000
0000000000000000000000000000000000000000
0000000000000000000000000000000000000000
0000000000000000000000000000000000000000
0000000000000000000000000000000000000000
0000000000000000000000000000000000000000
0000000000000000000000000000000000000000
0000000000000000000011100000000000000000
0000000000000000011111111000000000000000
0000000000000000111111111100000000000000
0000000000000001111000011110000000000000
0000000000000011110000001111000000000000
0000000000000011100000000111000000000000
0000000000000011110000000110000000000000
0000000000000011110000001110000000000000
0000000000000001111100011110000000000000
0000000000000001111111111110000000000000
0000000000000000111111111100000000000000
0000000000000000011111011100000000000000
0000000000000000000000011110000000000000
0000000000000000000000011100000000000000
0000000000000000000000011100000000000000
0000000000000000000000011100000000000000
0000000000000000000000011100000000000000
0000000000000000000000011100000000000000
0000000000000000000000011100000000000000
0000000000000000000000011100000000000000
0000000000000000000000011100000000000000
0000000000000110000000111000000000000000
0000000000000110000001111000000000000000
0000000000000110000001110000000000000000
0000000000001110000111100000000000000000
0000000000001111001111000000000000000000
0000000000001111111110000000000000000000
0000000000001111111000000000000000000000
0000000000000011100000000000000000000000
0000000000000000000000000000000000000000
0000000000000000000000000000000000000000
0000000000000000000000000000000000000000
0000000000000000000000000000000000000000
