0000000000000000000000000000000000000000
0000000000000000000000000000000000000000
0000000000000000000000000000000000000000
0000000000000000000000000000000000000000
0000000000000000000000000000000000000000
0000000000000000000000000000000000000000
0000000000000000000000000000000000000000
0000000000000000000000000000000000000000
0000000000000000000000000000000000000000
0000000000000000000011100000000000000000
0000000000000000001111100000000000000000
0000000000000000011100000000000000000000
0000000000000000111100000000000000000000
0000000000000011111100001111000000000000
0000000000000011110000001111000000000000
0000000000000111100000011110000000000000
0000000000001111000001111110000000000000
0000000000001110000011111110000000000000
0000000000011100000111111110000000000000
0000000000011100001111011110000000000000
0000000000011111111100011100000000000000
0000000000001111111000011100000000000000
0000000000001111110000011100000000000000
0000000000000000000000111000000000000000
0000000000000000000000111000000000000000
0000000000000000000000111000000000000000
0000000000000000000000110000000000000000
0000000000000000000001110000000000000000
0000000000000000000011110000000000000000
0000000000000000000011100000000000000000
0000000000000000000011100000000000000000
0000000000000000000111000000000000000000
0000000000000000000111000000000000000000
0000000000000000001110000000000000000000
0000000000000000001110000000000000000000
0000000000000000011100000000000000000000
0000000000000000011100000000000000000000
0000000000000000000000000000000000000000
0000000000000000000000000000000000000000
0000000000000000000000000000000000000000
