0000000000000000000000000000000000000000
0000000000000000000000000000000000000000
0000000000000000000000000000000000000000
0000000000000000000000000000000000000000
0000000000000000000000000000000000000000
0000000000000000000000000000000000000000
0000000000000000000000000000000000000000
0000000000000000000000000000000000000000
0000000000000000000000000000000000000000
0000000000000000000000000000000000000000
0000000000000000001111110000000000000000
0000000000000000111111111000000000000000
0000000000000001111111111000000000000000
0000000000000111111111111100000000000000
0000000000000111110000111110000000000000
0000000000001111100000001110000000000000
0000000000001110000000001111000000000000
0000000000001110000000001111000000000000
0000000000001110000000001111000000000000
0000000000001111000000011111000000000000
0000000000011111100000111111000000000000
0000000000001111111111111110000000000000
0000000000000111111111111100000000000000
0000000000000011111111111100000000000000
0000000000000000111111111000000000000000
0000000000000000001101111000000000000000
0000000000000000000001110000000000000000
0000000000000000000001110000000000000000
0000000000000000000001110000000000000000
0000000000000000000001110000000000000000
0000000000000000000001111000000000000000
0000000000000000000001110000000000000000
0000000000000000000001110000000000000000
0000000000000000000001110000000000000000
0000000000000000000001110000000000000000
0000000000000000000001111000000000000000
0000000000000000000001111000000000000000
0000000000000000000000111100000000000000
0000000000000000000000001000000000000000
0000000000000000000000000000000000000000
