0000000000000000000000000000000000000000
0000000000000000000000000000000000000000
0000000000000000000000000000000000000000
0000000000000000000000000000000000000000
0000000000000000000000000000000000000000
0000000000000000000000000000000000000000
0000000000000000000000000000000000000000
0000000000000000000000000000000000000000
0000000000000000000000000000000000000000
0000000000000000000011100000000000000000
0000000000000000001111111000000000000000
0000000000000000011111111000000000000000
0000000000000000111111111000000000000000
0000000000000000111111111000000000000000
0000000000000001111111111000000000000000
0000000000000001111011111000000000000000
0000000000000001111111110000000000000000
0000000000000011111111110000000000000000
0000000000000011111111110000000000000000
0000000000000111111111110000000000000000
0000000000000011111111110000000000000000
0000000000000011111111110000000000000000
0000000000000001111111110000000000000000
0000000000000000001111110000000000000000
0000000000000000000111110000000000000000
0000000000000000000011110000000000000000
0000000000000000000011110000000000000000
0000000000000000000011110000000000000000
0000000000000000000011110000000000000000
0000000000000000000111110000000000000000
0000000000000000000111110000000000000000
0000000000000000000111110000000000000000
0000000000000000000111110000000000000000
0000000000000000000111110000000000000000
0000000000000000000111111000000000000000
0000000000000000000011111000000000000000
0000000000000000000001110000000000000000
0000000000000000000000000000000000000000
0000000000000000000000000000000000000000
0000000000000000000000000000000000000000
