0000000000000000000000000000000000000000
0000000000000000000000000000000000000000
0000000000000000000000000000000000000000
0000000000000000000000000000000000000000
0000000000000000000000000000000000000000
0000000000000000000000000000000000000000
0000000000000000000000000000000000000000
0000000000000000000000000000000000000000
0000000000000000000000000000000000000000
0000000000000000000000000000000000000000
0000000000000000111110000000000000000000
0000000000000011111111100000000000000000
0000000000000111111111110000000000000000
0000000000001111000001111000000000000000
0000000000001110000001111000000000000000
0000000000011110000001111000000000000000
0000000000011110000011111000000000000000
0000000000011111001111111000000000000000
0000000000001111111111111000000000000000
0000000000000111111110111000000000000000
0000000000000000000000111000000000000000
0000000000000000000000111100000000000000
0000000000000000000000111100000000000000
0000000000000000000000111100000000000000
0000000000000000000000111100000000000000
0000000000000000000000111100000000000000
0000000000000000000000111100000000000000
0000000000000000000000111100000000000000
0000000000000000000000111100000000000000
0000000000000000000000111100000000000000
0000000000000000000000111100000000000000
0000000000000000000000111100000000000000
0000000000000000000000111100000000000000
0000000000000000000000111100000000000000
0000000000000000000000111100000000000000
0000000000000000000000111100000000000000
0000000000000000000000111100000000000000
0000000000000000000000111000000000000000
0000000000000000000000000000000000000000
0000000000000000000000000000000000000000
